10  4
  0  13  1  12  2  18  3  11
  0  20  1  15  2  10  3  20
  0  16  1  11  2  16  3  13
  0  18  1  15  2  13  3  12
  0  18  1  15  2  17  3  15
  0  10  1  16  2  14  3  12
  0  11  1  11  2  17  3  16
  0  17  1  15  2  12  3  18
  0  13  1  18  2  15  3  20
  0  12  1  17  2  17  3  17
Recursos:
  0  2  1  1  2  2  3  2
  0  1  1  2  2  2  3  2
  0  2  1  3  2  2  3  2
  0  3  1  1  2  2  3  2
  0  3  1  3  2  3  3  2
  0  1  1  1  2  3  3  3
  0  2  1  1  2  2  3  2
  0  2  1  2  2  2  3  2
  0  3  1  1  2  2  3  2
  0  1  1  3  2  2  3  2
Rmax:
3
Precedencias:
5:3 