50  10
  0  18  1  13  2  14  3  17  4  15  5  12  6  14  7  11  8  12  9  11
  0  20  1  11  2  18  3  15  4  15  5  11  6  15  7  13  8  13  9  14
  0  16  1  11  2  19  3  18  4  12  5  16  6  20  7  20  8  16  9  15
  0  10  1  17  2  20  3  15  4  13  5  16  6  18  7  20  8  12  9  18
  0  17  1  14  2  13  3  13  4  20  5  11  6  11  7  20  8  14  9  18
  0  19  1  13  2  20  3  14  4  15  5  14  6  10  7  10  8  19  9  18
  0  12  1  12  2  17  3  17  4  17  5  20  6  15  7  19  8  11  9  12
  0  16  1  12  2  16  3  14  4  16  5  16  6  19  7  14  8  14  9  13
  0  19  1  20  2  19  3  11  4  15  5  12  6  14  7  10  8  18  9  11
  0  13  1  12  2  19  3  19  4  13  5  12  6  13  7  14  8  15  9  18
  0  16  1  20  2  11  3  19  4  16  5  10  6  20  7  16  8  10  9  14
  0  13  1  11  2  12  3  13  4  13  5  12  6  20  7  19  8  14  9  17
  0  12  1  17  2  19  3  19  4  13  5  17  6  20  7  16  8  11  9  15
  0  16  1  11  2  20  3  13  4  10  5  18  6  15  7  17  8  12  9  12
  0  13  1  19  2  17  3  18  4  12  5  20  6  20  7  20  8  10  9  20
  0  17  1  16  2  11  3  17  4  16  5  17  6  13  7  13  8  10  9  10
  0  15  1  15  2  18  3  11  4  20  5  12  6  16  7  12  8  18  9  10
  0  20  1  14  2  10  3  15  4  17  5  12  6  18  7  13  8  15  9  18
  0  16  1  17  2  10  3  19  4  11  5  14  6  16  7  18  8  20  9  14
  0  15  1  19  2  16  3  14  4  13  5  12  6  16  7  17  8  13  9  16
  0  18  1  15  2  12  3  15  4  17  5  17  6  12  7  15  8  12  9  19
  0  20  1  16  2  11  3  14  4  18  5  16  6  18  7  19  8  13  9  17
  0  11  1  16  2  19  3  19  4  19  5  19  6  10  7  13  8  19  9  11
  0  18  1  16  2  17  3  17  4  17  5  14  6  11  7  18  8  18  9  20
  0  11  1  14  2  14  3  20  4  13  5  16  6  13  7  14  8  14  9  14
  0  14  1  17  2  20  3  13  4  14  5  14  6  11  7  14  8  15  9  20
  0  12  1  14  2  11  3  19  4  20  5  15  6  10  7  13  8  17  9  13
  0  10  1  12  2  14  3  18  4  20  5  19  6  14  7  14  8  20  9  11
  0  13  1  17  2  16  3  14  4  15  5  18  6  20  7  13  8  18  9  17
  0  20  1  11  2  11  3  18  4  17  5  10  6  20  7  12  8  13  9  11
  0  17  1  13  2  16  3  14  4  13  5  16  6  20  7  14  8  20  9  13
  0  11  1  20  2  14  3  11  4  13  5  18  6  12  7  10  8  17  9  12
  0  20  1  19  2  10  3  12  4  15  5  14  6  16  7  17  8  12  9  20
  0  12  1  16  2  18  3  19  4  13  5  13  6  16  7  11  8  13  9  14
  0  15  1  13  2  18  3  11  4  12  5  20  6  18  7  15  8  13  9  18
  0  18  1  10  2  16  3  19  4  20  5  14  6  14  7  10  8  12  9  19
  0  19  1  14  2  13  3  18  4  19  5  20  6  17  7  20  8  10  9  15
  0  19  1  19  2  18  3  15  4  19  5  14  6  12  7  18  8  11  9  10
  0  19  1  17  2  17  3  15  4  11  5  13  6  20  7  17  8  10  9  17
  0  20  1  16  2  10  3  13  4  17  5  15  6  16  7  20  8  16  9  15
  0  12  1  17  2  13  3  20  4  15  5  15  6  18  7  16  8  12  9  11
  0  19  1  11  2  10  3  15  4  15  5  20  6  19  7  12  8  15  9  17
  0  15  1  16  2  20  3  10  4  11  5  12  6  13  7  13  8  16  9  17
  0  20  1  12  2  12  3  17  4  19  5  11  6  14  7  19  8  11  9  17
  0  19  1  20  2  15  3  20  4  20  5  16  6  20  7  17  8  10  9  20
  0  11  1  19  2  18  3  17  4  12  5  17  6  19  7  15  8  19  9  20
  0  18  1  11  2  11  3  11  4  10  5  13  6  19  7  16  8  11  9  10
  0  14  1  11  2  16  3  17  4  20  5  15  6  20  7  13  8  16  9  12
  0  16  1  14  2  18  3  17  4  20  5  12  6  20  7  10  8  17  9  14
  0  16  1  14  2  10  3  11  4  13  5  18  6  20  7  16  8  18  9  14
Recursos:
  0  3  1  2  2  3  3  2  4  1  5  1  6  1  7  4  8  4  9  4
  0  4  1  1  2  2  3  3  4  1  5  2  6  3  7  1  8  1  9  4
  0  4  1  3  2  2  3  3  4  3  5  2  6  4  7  4  8  1  9  1
  0  4  1  4  2  2  3  1  4  2  5  1  6  2  7  4  8  2  9  2
  0  2  1  3  2  2  3  1  4  2  5  4  6  4  7  2  8  1  9  2
  0  1  1  4  2  1  3  2  4  1  5  1  6  2  7  3  8  1  9  3
  0  1  1  1  2  2  3  1  4  1  5  2  6  4  7  1  8  2  9  4
  0  3  1  2  2  4  3  3  4  3  5  1  6  1  7  1  8  4  9  1
  0  1  1  4  2  2  3  2  4  3  5  3  6  2  7  4  8  2  9  1
  0  3  1  1  2  3  3  4  4  1  5  1  6  4  7  1  8  1  9  4
  0  3  1  4  2  4  3  4  4  2  5  4  6  2  7  1  8  2  9  4
  0  3  1  3  2  2  3  1  4  1  5  4  6  3  7  4  8  1  9  3
  0  2  1  2  2  1  3  2  4  1  5  4  6  3  7  1  8  2  9  2
  0  3  1  2  2  4  3  1  4  4  5  4  6  3  7  4  8  3  9  1
  0  2  1  1  2  1  3  1  4  3  5  1  6  1  7  3  8  1  9  2
  0  2  1  2  2  1  3  1  4  2  5  1  6  1  7  1  8  4  9  3
  0  2  1  3  2  2  3  1  4  4  5  3  6  1  7  4  8  2  9  3
  0  4  1  3  2  2  3  2  4  3  5  2  6  3  7  1  8  1  9  2
  0  3  1  3  2  2  3  4  4  4  5  4  6  2  7  3  8  3  9  1
  0  1  1  2  2  4  3  2  4  3  5  1  6  3  7  1  8  2  9  4
  0  3  1  4  2  4  3  3  4  4  5  4  6  1  7  4  8  3  9  1
  0  4  1  3  2  2  3  4  4  3  5  4  6  3  7  3  8  1  9  3
  0  2  1  4  2  3  3  1  4  2  5  1  6  1  7  4  8  4  9  2
  0  2  1  2  2  3  3  4  4  1  5  1  6  4  7  2  8  1  9  2
  0  1  1  1  2  4  3  4  4  3  5  3  6  4  7  3  8  4  9  3
  0  1  1  1  2  3  3  1  4  4  5  2  6  3  7  3  8  4  9  3
  0  2  1  1  2  1  3  1  4  2  5  3  6  4  7  1  8  2  9  2
  0  3  1  4  2  4  3  1  4  4  5  3  6  2  7  4  8  4  9  4
  0  4  1  2  2  2  3  1  4  4  5  4  6  2  7  2  8  1  9  3
  0  2  1  1  2  3  3  4  4  2  5  3  6  2  7  1  8  2  9  3
  0  4  1  2  2  2  3  3  4  2  5  1  6  3  7  4  8  1  9  2
  0  4  1  1  2  4  3  1  4  3  5  3  6  3  7  3  8  4  9  3
  0  1  1  3  2  2  3  2  4  2  5  4  6  4  7  1  8  1  9  3
  0  1  1  4  2  4  3  2  4  4  5  1  6  2  7  3  8  1  9  3
  0  3  1  4  2  2  3  3  4  3  5  1  6  4  7  2  8  4  9  3
  0  4  1  2  2  4  3  3  4  2  5  3  6  4  7  3  8  1  9  2
  0  1  1  3  2  1  3  1  4  3  5  4  6  3  7  2  8  1  9  1
  0  3  1  3  2  2  3  3  4  1  5  2  6  4  7  1  8  1  9  4
  0  3  1  4  2  1  3  1  4  3  5  2  6  1  7  4  8  4  9  1
  0  1  1  2  2  2  3  3  4  1  5  3  6  4  7  4  8  2  9  4
  0  3  1  2  2  3  3  1  4  3  5  3  6  3  7  4  8  3  9  3
  0  3  1  1  2  4  3  4  4  4  5  4  6  3  7  4  8  1  9  4
  0  4  1  2  2  3  3  1  4  2  5  3  6  3  7  1  8  2  9  2
  0  1  1  4  2  3  3  2  4  1  5  3  6  1  7  3  8  2  9  2
  0  2  1  1  2  3  3  3  4  4  5  2  6  2  7  1  8  4  9  4
  0  3  1  1  2  3  3  2  4  3  5  4  6  3  7  1  8  1  9  4
  0  2  1  4  2  4  3  3  4  2  5  2  6  4  7  1  8  4  9  1
  0  3  1  1  2  1  3  1  4  4  5  2  6  4  7  3  8  2  9  4
  0  1  1  1  2  1  3  2  4  3  5  3  6  3  7  1  8  4  9  3
  0  1  1  4  2  1  3  2  4  4  5  1  6  4  7  4  8  4  9  3
Rmax:
4
Precedencias:
18:4 
42:38 
25:3 
