50  25
  0  10  1  14  2  20  3  17  4  15  5  12  6  15  7  10  8  13  9  17  10  16  11  14  12  18  13  18  14  16  15  15  16  18  17  14  18  19  19  19  20  18  21  16  22  20  23  10  24  15
  0  13  1  11  2  19  3  20  4  10  5  17  6  18  7  14  8  10  9  15  10  10  11  14  12  16  13  16  14  14  15  17  16  13  17  16  18  19  19  14  20  20  21  14  22  12  23  14  24  13
  0  17  1  18  2  15  3  17  4  11  5  18  6  18  7  16  8  16  9  16  10  20  11  20  12  19  13  13  14  15  15  17  16  11  17  15  18  16  19  18  20  16  21  20  22  17  23  20  24  11
  0  17  1  17  2  16  3  13  4  16  5  11  6  18  7  17  8  17  9  19  10  20  11  18  12  15  13  17  14  11  15  14  16  20  17  18  18  13  19  11  20  10  21  19  22  14  23  16  24  20
  0  16  1  16  2  13  3  15  4  11  5  10  6  17  7  19  8  20  9  12  10  20  11  19  12  19  13  10  14  10  15  17  16  20  17  18  18  11  19  17  20  14  21  15  22  12  23  16  24  20
  0  18  1  17  2  19  3  15  4  20  5  16  6  10  7  16  8  11  9  17  10  17  11  16  12  14  13  17  14  11  15  17  16  19  17  12  18  20  19  19  20  10  21  15  22  16  23  14  24  18
  0  12  1  20  2  11  3  20  4  15  5  10  6  16  7  15  8  10  9  13  10  14  11  16  12  17  13  10  14  19  15  14  16  12  17  14  18  19  19  13  20  17  21  17  22  12  23  14  24  17
  0  20  1  19  2  16  3  19  4  13  5  17  6  13  7  14  8  20  9  16  10  11  11  11  12  13  13  13  14  12  15  18  16  10  17  14  18  16  19  14  20  12  21  19  22  13  23  18  24  19
  0  14  1  11  2  18  3  11  4  18  5  20  6  17  7  18  8  10  9  18  10  15  11  11  12  19  13  11  14  18  15  15  16  19  17  12  18  16  19  16  20  11  21  12  22  20  23  16  24  15
  0  19  1  12  2  18  3  12  4  16  5  15  6  15  7  17  8  18  9  15  10  11  11  10  12  17  13  13  14  16  15  20  16  10  17  12  18  20  19  18  20  11  21  14  22  15  23  13  24  14
  0  20  1  19  2  10  3  15  4  19  5  12  6  14  7  16  8  20  9  18  10  19  11  11  12  10  13  12  14  13  15  15  16  18  17  19  18  13  19  11  20  19  21  12  22  20  23  15  24  11
  0  17  1  17  2  20  3  11  4  14  5  15  6  18  7  10  8  18  9  20  10  18  11  18  12  17  13  18  14  16  15  19  16  15  17  20  18  11  19  14  20  19  21  11  22  19  23  19  24  13
  0  14  1  14  2  10  3  17  4  17  5  20  6  10  7  11  8  18  9  19  10  10  11  10  12  11  13  13  14  15  15  11  16  15  17  10  18  12  19  13  20  14  21  19  22  14  23  16  24  18
  0  19  1  12  2  10  3  10  4  16  5  17  6  16  7  20  8  15  9  11  10  12  11  14  12  14  13  20  14  11  15  16  16  13  17  13  18  19  19  10  20  15  21  17  22  15  23  12  24  10
  0  16  1  16  2  19  3  18  4  16  5  17  6  19  7  13  8  16  9  13  10  18  11  14  12  14  13  17  14  12  15  11  16  14  17  19  18  14  19  16  20  12  21  12  22  14  23  14  24  16
  0  10  1  10  2  20  3  15  4  14  5  12  6  14  7  12  8  18  9  10  10  19  11  11  12  16  13  16  14  14  15  13  16  15  17  19  18  13  19  19  20  10  21  10  22  18  23  12  24  12
  0  11  1  15  2  14  3  17  4  14  5  16  6  12  7  20  8  11  9  10  10  20  11  15  12  15  13  20  14  17  15  12  16  17  17  17  18  17  19  14  20  13  21  10  22  18  23  19  24  18
  0  20  1  11  2  14  3  14  4  14  5  19  6  19  7  20  8  15  9  14  10  12  11  14  12  17  13  15  14  15  15  15  16  12  17  13  18  17  19  17  20  10  21  18  22  11  23  16  24  14
  0  16  1  13  2  19  3  12  4  11  5  20  6  12  7  17  8  14  9  13  10  19  11  11  12  18  13  20  14  20  15  11  16  10  17  11  18  13  19  10  20  12  21  16  22  19  23  18  24  20
  0  19  1  16  2  13  3  14  4  18  5  18  6  18  7  17  8  12  9  13  10  15  11  11  12  15  13  10  14  20  15  12  16  17  17  17  18  20  19  15  20  19  21  11  22  14  23  14  24  15
  0  15  1  13  2  19  3  15  4  19  5  10  6  14  7  18  8  19  9  20  10  11  11  16  12  14  13  20  14  20  15  10  16  17  17  17  18  11  19  15  20  20  21  14  22  10  23  12  24  10
  0  14  1  19  2  12  3  10  4  20  5  18  6  12  7  20  8  13  9  18  10  14  11  14  12  13  13  11  14  16  15  12  16  14  17  16  18  19  19  11  20  20  21  14  22  13  23  17  24  10
  0  20  1  20  2  17  3  19  4  15  5  15  6  12  7  12  8  16  9  15  10  10  11  16  12  15  13  13  14  13  15  19  16  13  17  17  18  20  19  17  20  14  21  18  22  16  23  16  24  20
  0  11  1  12  2  10  3  16  4  12  5  19  6  11  7  14  8  13  9  18  10  11  11  17  12  19  13  20  14  18  15  15  16  18  17  17  18  15  19  18  20  19  21  15  22  17  23  17  24  20
  0  14  1  19  2  18  3  14  4  10  5  15  6  13  7  18  8  17  9  17  10  14  11  18  12  13  13  17  14  17  15  12  16  20  17  16  18  19  19  14  20  12  21  17  22  20  23  13  24  20
  0  16  1  19  2  13  3  16  4  11  5  10  6  20  7  16  8  16  9  15  10  15  11  17  12  16  13  11  14  14  15  15  16  14  17  13  18  13  19  19  20  18  21  20  22  17  23  13  24  16
  0  15  1  12  2  18  3  11  4  17  5  12  6  13  7  20  8  17  9  11  10  12  11  20  12  15  13  17  14  15  15  15  16  13  17  19  18  12  19  14  20  20  21  15  22  10  23  16  24  14
  0  14  1  13  2  14  3  16  4  16  5  20  6  16  7  19  8  18  9  18  10  15  11  19  12  15  13  13  14  11  15  11  16  13  17  16  18  16  19  11  20  10  21  12  22  20  23  15  24  16
  0  20  1  10  2  11  3  16  4  13  5  17  6  20  7  11  8  15  9  15  10  13  11  10  12  17  13  16  14  13  15  14  16  18  17  15  18  20  19  14  20  18  21  13  22  14  23  10  24  16
  0  19  1  10  2  17  3  14  4  11  5  17  6  16  7  12  8  13  9  14  10  16  11  10  12  11  13  20  14  16  15  19  16  12  17  17  18  17  19  16  20  10  21  13  22  15  23  16  24  14
  0  19  1  11  2  14  3  20  4  15  5  16  6  11  7  17  8  17  9  13  10  15  11  17  12  20  13  14  14  13  15  17  16  13  17  16  18  14  19  14  20  12  21  15  22  12  23  16  24  15
  0  20  1  16  2  14  3  14  4  12  5  11  6  19  7  11  8  14  9  20  10  16  11  12  12  13  13  17  14  14  15  13  16  10  17  15  18  11  19  18  20  13  21  13  22  15  23  12  24  18
  0  18  1  10  2  17  3  17  4  12  5  15  6  20  7  10  8  10  9  14  10  13  11  12  12  18  13  17  14  14  15  15  16  17  17  18  18  13  19  14  20  17  21  11  22  14  23  20  24  18
  0  12  1  17  2  20  3  10  4  11  5  19  6  13  7  11  8  19  9  17  10  10  11  16  12  12  13  17  14  13  15  20  16  11  17  10  18  16  19  16  20  10  21  11  22  10  23  17  24  19
  0  13  1  17  2  20  3  19  4  17  5  15  6  15  7  13  8  11  9  15  10  16  11  20  12  10  13  11  14  13  15  17  16  16  17  11  18  13  19  18  20  20  21  14  22  13  23  16  24  11
  0  11  1  15  2  13  3  15  4  14  5  17  6  18  7  20  8  20  9  19  10  12  11  18  12  19  13  12  14  15  15  15  16  14  17  10  18  13  19  10  20  18  21  15  22  17  23  19  24  19
  0  11  1  18  2  16  3  15  4  14  5  17  6  14  7  14  8  19  9  18  10  13  11  18  12  10  13  18  14  13  15  14  16  20  17  10  18  15  19  12  20  10  21  13  22  19  23  11  24  15
  0  19  1  19  2  15  3  16  4  10  5  15  6  14  7  15  8  17  9  11  10  20  11  11  12  16  13  15  14  12  15  15  16  20  17  20  18  12  19  19  20  16  21  17  22  18  23  10  24  15
  0  13  1  14  2  12  3  19  4  17  5  14  6  16  7  15  8  13  9  10  10  19  11  10  12  13  13  20  14  12  15  17  16  19  17  17  18  18  19  13  20  18  21  14  22  14  23  16  24  20
  0  13  1  17  2  11  3  12  4  19  5  20  6  13  7  19  8  19  9  17  10  11  11  12  12  11  13  16  14  17  15  13  16  13  17  14  18  20  19  10  20  19  21  15  22  16  23  20  24  17
  0  17  1  10  2  18  3  12  4  10  5  12  6  10  7  14  8  13  9  12  10  17  11  14  12  15  13  19  14  19  15  10  16  11  17  17  18  15  19  19  20  10  21  17  22  11  23  12  24  18
  0  15  1  20  2  13  3  12  4  11  5  12  6  16  7  11  8  17  9  15  10  10  11  17  12  19  13  12  14  18  15  15  16  13  17  12  18  17  19  14  20  10  21  18  22  10  23  16  24  14
  0  19  1  20  2  12  3  15  4  11  5  16  6  11  7  13  8  13  9  16  10  20  11  19  12  11  13  12  14  10  15  20  16  18  17  12  18  19  19  19  20  18  21  15  22  11  23  16  24  17
  0  14  1  13  2  20  3  10  4  15  5  14  6  12  7  19  8  14  9  17  10  16  11  16  12  13  13  11  14  18  15  15  16  12  17  18  18  18  19  20  20  10  21  15  22  16  23  13  24  16
  0  10  1  17  2  12  3  13  4  14  5  18  6  14  7  10  8  20  9  18  10  16  11  10  12  14  13  17  14  16  15  11  16  20  17  15  18  13  19  20  20  19  21  20  22  20  23  10  24  11
  0  16  1  19  2  18  3  10  4  18  5  11  6  18  7  19  8  17  9  19  10  16  11  12  12  18  13  11  14  11  15  15  16  12  17  19  18  11  19  16  20  11  21  19  22  15  23  17  24  13
  0  16  1  17  2  16  3  10  4  14  5  11  6  11  7  17  8  14  9  14  10  20  11  13  12  16  13  16  14  14  15  16  16  12  17  14  18  13  19  20  20  13  21  10  22  14  23  16  24  13
  0  19  1  11  2  11  3  20  4  13  5  20  6  15  7  17  8  19  9  14  10  17  11  17  12  12  13  16  14  14  15  16  16  15  17  18  18  11  19  12  20  16  21  15  22  20  23  17  24  19
  0  10  1  10  2  19  3  19  4  12  5  10  6  12  7  20  8  13  9  20  10  17  11  16  12  18  13  19  14  15  15  18  16  17  17  14  18  12  19  17  20  19  21  12  22  17  23  17  24  15
  0  15  1  11  2  13  3  11  4  16  5  12  6  19  7  16  8  15  9  17  10  14  11  17  12  12  13  11  14  13  15  16  16  19  17  14  18  19  19  17  20  10  21  10  22  13  23  17  24  18
Recursos:
  0  1  1  2  2  3  3  1  4  3  5  1  6  3  7  3  8  3  9  1  10  3  11  3  12  2  13  2  14  3  15  3  16  3  17  1  18  3  19  3  20  3  21  1  22  1  23  1  24  1
  0  2  1  1  2  1  3  1  4  3  5  1  6  3  7  2  8  1  9  2  10  3  11  3  12  3  13  2  14  1  15  2  16  2  17  3  18  2  19  3  20  2  21  3  22  3  23  3  24  2
  0  1  1  1  2  2  3  3  4  2  5  2  6  1  7  3  8  3  9  3  10  1  11  2  12  3  13  3  14  3  15  2  16  1  17  3  18  3  19  1  20  3  21  3  22  1  23  3  24  1
  0  1  1  1  2  3  3  1  4  2  5  1  6  1  7  2  8  2  9  2  10  3  11  1  12  3  13  3  14  3  15  1  16  1  17  3  18  2  19  1  20  3  21  2  22  2  23  1  24  2
  0  2  1  1  2  2  3  3  4  1  5  2  6  1  7  1  8  3  9  2  10  2  11  2  12  2  13  3  14  2  15  1  16  2  17  3  18  2  19  3  20  1  21  3  22  2  23  1  24  1
  0  2  1  1  2  3  3  2  4  3  5  2  6  3  7  2  8  1  9  2  10  1  11  1  12  1  13  3  14  3  15  3  16  3  17  3  18  3  19  2  20  1  21  2  22  1  23  2  24  1
  0  2  1  1  2  2  3  3  4  2  5  3  6  1  7  3  8  1  9  1  10  2  11  1  12  3  13  3  14  2  15  1  16  3  17  1  18  3  19  2  20  2  21  3  22  3  23  3  24  2
  0  2  1  2  2  1  3  1  4  1  5  1  6  1  7  3  8  3  9  1  10  3  11  1  12  1  13  1  14  2  15  1  16  2  17  1  18  1  19  3  20  3  21  1  22  3  23  1  24  2
  0  2  1  1  2  3  3  1  4  1  5  1  6  1  7  1  8  1  9  2  10  2  11  1  12  3  13  1  14  2  15  1  16  3  17  1  18  3  19  3  20  2  21  2  22  2  23  3  24  1
  0  2  1  2  2  3  3  1  4  2  5  2  6  2  7  2  8  3  9  3  10  1  11  1  12  1  13  2  14  3  15  3  16  2  17  3  18  2  19  3  20  1  21  2  22  2  23  1  24  3
  0  3  1  3  2  3  3  1  4  3  5  3  6  1  7  2  8  2  9  2  10  3  11  1  12  1  13  3  14  3  15  3  16  2  17  2  18  1  19  2  20  3  21  2  22  1  23  1  24  2
  0  3  1  1  2  2  3  1  4  2  5  2  6  3  7  1  8  1  9  2  10  3  11  3  12  2  13  3  14  3  15  1  16  2  17  3  18  3  19  3  20  3  21  1  22  2  23  1  24  1
  0  3  1  1  2  2  3  2  4  1  5  2  6  2  7  2  8  3  9  2  10  1  11  3  12  1  13  2  14  1  15  1  16  2  17  3  18  3  19  1  20  1  21  3  22  3  23  3  24  3
  0  2  1  1  2  2  3  2  4  2  5  1  6  3  7  3  8  3  9  3  10  1  11  3  12  2  13  3  14  3  15  3  16  3  17  3  18  1  19  3  20  2  21  1  22  1  23  2  24  3
  0  2  1  2  2  2  3  2  4  1  5  1  6  2  7  2  8  1  9  2  10  2  11  3  12  3  13  3  14  3  15  2  16  3  17  1  18  1  19  3  20  2  21  2  22  1  23  3  24  1
  0  3  1  1  2  2  3  3  4  3  5  1  6  1  7  1  8  1  9  2  10  1  11  1  12  2  13  2  14  2  15  3  16  3  17  1  18  1  19  1  20  3  21  2  22  1  23  3  24  3
  0  1  1  3  2  2  3  1  4  2  5  3  6  3  7  3  8  1  9  2  10  1  11  2  12  2  13  3  14  2  15  1  16  1  17  3  18  1  19  2  20  2  21  3  22  3  23  1  24  3
  0  3  1  2  2  3  3  3  4  2  5  2  6  3  7  3  8  3  9  2  10  3  11  2  12  3  13  2  14  1  15  2  16  2  17  2  18  2  19  2  20  3  21  3  22  3  23  1  24  1
  0  3  1  2  2  3  3  1  4  3  5  3  6  3  7  2  8  1  9  2  10  2  11  1  12  2  13  1  14  1  15  2  16  3  17  1  18  2  19  1  20  3  21  1  22  3  23  3  24  3
  0  3  1  3  2  3  3  2  4  1  5  3  6  1  7  2  8  2  9  1  10  1  11  1  12  3  13  3  14  3  15  3  16  1  17  3  18  2  19  1  20  2  21  2  22  2  23  2  24  3
  0  2  1  1  2  3  3  2  4  2  5  1  6  3  7  3  8  1  9  3  10  3  11  1  12  2  13  2  14  3  15  3  16  2  17  1  18  2  19  2  20  3  21  1  22  1  23  1  24  1
  0  1  1  1  2  2  3  3  4  3  5  2  6  2  7  1  8  1  9  1  10  2  11  1  12  2  13  1  14  1  15  2  16  2  17  2  18  3  19  2  20  3  21  2  22  1  23  3  24  3
  0  1  1  3  2  3  3  1  4  2  5  2  6  1  7  1  8  1  9  2  10  1  11  1  12  2  13  1  14  1  15  2  16  1  17  2  18  3  19  3  20  2  21  1  22  2  23  2  24  2
  0  1  1  2  2  2  3  3  4  1  5  1  6  1  7  3  8  1  9  2  10  1  11  2  12  1  13  2  14  2  15  3  16  1  17  2  18  3  19  2  20  2  21  3  22  3  23  2  24  1
  0  1  1  2  2  2  3  3  4  1  5  1  6  2  7  3  8  2  9  3  10  1  11  1  12  1  13  2  14  2  15  3  16  1  17  3  18  2  19  2  20  2  21  2  22  3  23  1  24  1
  0  2  1  2  2  3  3  3  4  2  5  1  6  2  7  2  8  1  9  1  10  3  11  3  12  3  13  1  14  3  15  2  16  1  17  1  18  2  19  3  20  2  21  2  22  1  23  2  24  3
  0  2  1  1  2  2  3  3  4  1  5  2  6  2  7  2  8  2  9  1  10  2  11  3  12  3  13  3  14  3  15  2  16  2  17  2  18  3  19  2  20  1  21  3  22  2  23  2  24  3
  0  3  1  2  2  2  3  2  4  3  5  2  6  1  7  2  8  1  9  2  10  3  11  1  12  2  13  3  14  2  15  3  16  2  17  3  18  2  19  2  20  3  21  1  22  3  23  2  24  3
  0  1  1  1  2  1  3  2  4  2  5  3  6  2  7  1  8  1  9  3  10  1  11  3  12  3  13  1  14  1  15  2  16  2  17  3  18  3  19  3  20  1  21  2  22  1  23  2  24  2
  0  2  1  1  2  1  3  1  4  2  5  3  6  1  7  3  8  3  9  3  10  3  11  2  12  2  13  3  14  3  15  1  16  3  17  3  18  2  19  3  20  1  21  2  22  2  23  3  24  3
  0  1  1  3  2  1  3  3  4  1  5  1  6  2  7  1  8  3  9  3  10  3  11  2  12  3  13  3  14  3  15  3  16  1  17  1  18  1  19  2  20  2  21  2  22  3  23  3  24  3
  0  3  1  1  2  2  3  1  4  1  5  2  6  2  7  1  8  1  9  3  10  1  11  2  12  3  13  2  14  1  15  3  16  2  17  3  18  3  19  1  20  1  21  3  22  2  23  1  24  1
  0  1  1  3  2  2  3  3  4  3  5  3  6  3  7  2  8  2  9  1  10  3  11  1  12  2  13  1  14  1  15  1  16  2  17  1  18  2  19  3  20  1  21  1  22  3  23  1  24  1
  0  2  1  1  2  1  3  3  4  1  5  3  6  2  7  3  8  3  9  2  10  3  11  3  12  1  13  3  14  2  15  1  16  3  17  2  18  2  19  3  20  2  21  3  22  2  23  2  24  1
  0  2  1  2  2  1  3  2  4  3  5  3  6  2  7  2  8  3  9  3  10  2  11  2  12  2  13  3  14  1  15  3  16  3  17  3  18  1  19  2  20  3  21  2  22  3  23  3  24  2
  0  3  1  3  2  3  3  2  4  3  5  2  6  2  7  1  8  3  9  3  10  2  11  3  12  2  13  1  14  2  15  3  16  1  17  3  18  3  19  2  20  2  21  2  22  2  23  2  24  1
  0  1  1  2  2  2  3  2  4  3  5  1  6  1  7  2  8  3  9  3  10  1  11  1  12  3  13  3  14  2  15  1  16  3  17  1  18  3  19  2  20  1  21  2  22  2  23  2  24  3
  0  2  1  3  2  2  3  3  4  3  5  1  6  2  7  3  8  2  9  1  10  1  11  1  12  2  13  2  14  3  15  2  16  2  17  1  18  1  19  1  20  3  21  1  22  3  23  1  24  1
  0  3  1  3  2  1  3  2  4  3  5  3  6  1  7  3  8  2  9  1  10  2  11  3  12  1  13  1  14  1  15  2  16  1  17  1  18  2  19  3  20  2  21  2  22  1  23  2  24  2
  0  1  1  2  2  1  3  3  4  1  5  1  6  2  7  3  8  3  9  2  10  2  11  3  12  3  13  3  14  2  15  3  16  2  17  2  18  2  19  2  20  3  21  1  22  2  23  2  24  1
  0  3  1  3  2  1  3  2  4  3  5  3  6  2  7  1  8  1  9  1  10  3  11  3  12  3  13  1  14  2  15  3  16  1  17  3  18  1  19  1  20  1  21  2  22  2  23  1  24  3
  0  3  1  2  2  2  3  2  4  3  5  2  6  2  7  3  8  1  9  2  10  1  11  2  12  1  13  1  14  3  15  1  16  2  17  3  18  1  19  1  20  3  21  1  22  3  23  1  24  1
  0  2  1  1  2  1  3  1  4  1  5  2  6  3  7  1  8  3  9  3  10  2  11  2  12  1  13  1  14  1  15  2  16  1  17  3  18  1  19  1  20  3  21  3  22  2  23  2  24  1
  0  1  1  1  2  3  3  1  4  2  5  2  6  2  7  1  8  1  9  1  10  2  11  3  12  2  13  1  14  1  15  2  16  2  17  2  18  1  19  3  20  1  21  2  22  1  23  3  24  1
  0  2  1  2  2  3  3  2  4  2  5  2  6  3  7  2  8  3  9  1  10  3  11  1  12  2  13  1  14  2  15  3  16  2  17  1  18  2  19  2  20  1  21  1  22  2  23  1  24  2
  0  2  1  1  2  2  3  1  4  3  5  3  6  3  7  1  8  2  9  1  10  2  11  3  12  3  13  2  14  1  15  1  16  3  17  2  18  1  19  3  20  3  21  3  22  1  23  2  24  3
  0  2  1  2  2  1  3  2  4  1  5  3  6  1  7  1  8  1  9  1  10  2  11  2  12  2  13  1  14  3  15  2  16  2  17  1  18  3  19  2  20  3  21  2  22  1  23  1  24  2
  0  1  1  1  2  3  3  2  4  3  5  1  6  1  7  3  8  2  9  2  10  3  11  1  12  3  13  3  14  1  15  3  16  3  17  2  18  3  19  3  20  3  21  1  22  2  23  3  24  2
  0  3  1  1  2  1  3  2  4  3  5  2  6  1  7  2  8  3  9  2  10  1  11  3  12  2  13  1  14  2  15  2  16  3  17  2  18  2  19  3  20  1  21  1  22  1  23  2  24  2
  0  1  1  1  2  2  3  3  4  1  5  1  6  2  7  3  8  1  9  3  10  3  11  1  12  2  13  1  14  1  15  2  16  2  17  1  18  2  19  3  20  1  21  3  22  2  23  1  24  3
Rmax:
3
Precedencias:
35:0 
39:48 
48:19 
