50  15
  0  12  1  20  2  17  3  20  4  10  5  10  6  15  7  18  8  14  9  20  10  11  11  19  12  10  13  11  14  10
  0  16  1  19  2  10  3  11  4  14  5  18  6  20  7  17  8  13  9  20  10  11  11  14  12  12  13  12  14  20
  0  12  1  19  2  11  3  14  4  17  5  15  6  14  7  20  8  15  9  10  10  12  11  14  12  13  13  12  14  16
  0  10  1  15  2  12  3  17  4  15  5  20  6  10  7  14  8  10  9  20  10  11  11  20  12  19  13  17  14  19
  0  20  1  14  2  18  3  16  4  14  5  10  6  18  7  19  8  14  9  12  10  20  11  11  12  13  13  10  14  18
  0  14  1  14  2  20  3  13  4  10  5  18  6  10  7  11  8  17  9  10  10  19  11  18  12  18  13  19  14  19
  0  13  1  10  2  20  3  18  4  10  5  14  6  15  7  20  8  14  9  17  10  17  11  16  12  13  13  13  14  13
  0  10  1  10  2  10  3  16  4  20  5  10  6  10  7  15  8  15  9  20  10  18  11  19  12  14  13  12  14  10
  0  19  1  15  2  11  3  10  4  11  5  14  6  13  7  12  8  12  9  20  10  14  11  10  12  15  13  13  14  13
  0  13  1  15  2  13  3  18  4  13  5  17  6  16  7  18  8  15  9  12  10  13  11  16  12  18  13  14  14  19
  0  15  1  13  2  11  3  20  4  12  5  20  6  15  7  12  8  16  9  17  10  14  11  15  12  12  13  18  14  16
  0  12  1  15  2  20  3  16  4  18  5  12  6  19  7  15  8  18  9  15  10  20  11  13  12  14  13  10  14  10
  0  10  1  16  2  10  3  17  4  18  5  18  6  14  7  14  8  13  9  10  10  12  11  13  12  14  13  11  14  16
  0  20  1  20  2  16  3  18  4  15  5  16  6  19  7  11  8  13  9  11  10  20  11  15  12  19  13  20  14  16
  0  10  1  18  2  11  3  14  4  12  5  11  6  19  7  13  8  10  9  10  10  12  11  20  12  20  13  13  14  13
  0  11  1  20  2  11  3  16  4  18  5  14  6  15  7  17  8  20  9  17  10  14  11  11  12  14  13  18  14  20
  0  20  1  20  2  11  3  20  4  15  5  14  6  14  7  10  8  10  9  15  10  18  11  16  12  16  13  20  14  14
  0  10  1  15  2  12  3  19  4  12  5  13  6  10  7  10  8  14  9  18  10  15  11  10  12  14  13  11  14  16
  0  10  1  20  2  15  3  18  4  18  5  17  6  14  7  17  8  19  9  16  10  15  11  15  12  17  13  10  14  17
  0  13  1  20  2  14  3  10  4  15  5  17  6  19  7  13  8  19  9  17  10  20  11  18  12  11  13  11  14  12
  0  16  1  16  2  17  3  11  4  10  5  14  6  15  7  20  8  10  9  13  10  18  11  14  12  17  13  16  14  17
  0  19  1  16  2  11  3  15  4  17  5  12  6  17  7  13  8  17  9  10  10  10  11  18  12  20  13  18  14  19
  0  11  1  18  2  14  3  16  4  19  5  15  6  16  7  16  8  17  9  16  10  12  11  20  12  15  13  16  14  18
  0  16  1  17  2  18  3  19  4  12  5  19  6  18  7  18  8  18  9  19  10  19  11  12  12  14  13  13  14  13
  0  20  1  15  2  15  3  20  4  14  5  19  6  19  7  10  8  17  9  10  10  10  11  20  12  13  13  15  14  20
  0  10  1  15  2  12  3  12  4  12  5  12  6  19  7  10  8  17  9  10  10  12  11  20  12  11  13  19  14  14
  0  14  1  10  2  17  3  16  4  15  5  14  6  18  7  16  8  11  9  17  10  11  11  11  12  15  13  11  14  11
  0  16  1  17  2  10  3  18  4  16  5  18  6  13  7  13  8  15  9  16  10  15  11  10  12  18  13  17  14  18
  0  12  1  18  2  15  3  20  4  13  5  16  6  16  7  20  8  12  9  14  10  12  11  13  12  13  13  11  14  14
  0  11  1  20  2  15  3  17  4  12  5  15  6  11  7  10  8  14  9  19  10  10  11  20  12  13  13  12  14  17
  0  14  1  14  2  12  3  15  4  20  5  12  6  15  7  12  8  20  9  18  10  12  11  20  12  11  13  20  14  11
  0  20  1  18  2  20  3  15  4  17  5  17  6  15  7  19  8  15  9  17  10  19  11  20  12  17  13  13  14  11
  0  12  1  20  2  14  3  17  4  12  5  14  6  18  7  18  8  14  9  12  10  11  11  14  12  20  13  11  14  14
  0  10  1  18  2  16  3  19  4  18  5  18  6  18  7  20  8  16  9  12  10  16  11  17  12  13  13  10  14  10
  0  14  1  16  2  16  3  14  4  11  5  10  6  10  7  19  8  15  9  19  10  10  11  16  12  15  13  13  14  18
  0  12  1  20  2  14  3  10  4  20  5  18  6  14  7  20  8  10  9  18  10  18  11  17  12  13  13  13  14  15
  0  15  1  16  2  15  3  18  4  12  5  18  6  17  7  20  8  17  9  16  10  16  11  18  12  19  13  19  14  11
  0  10  1  18  2  11  3  17  4  10  5  13  6  14  7  15  8  19  9  18  10  10  11  19  12  16  13  14  14  10
  0  13  1  11  2  15  3  12  4  17  5  15  6  19  7  18  8  20  9  17  10  15  11  12  12  15  13  20  14  20
  0  18  1  20  2  20  3  12  4  11  5  12  6  17  7  14  8  13  9  16  10  16  11  14  12  15  13  19  14  13
  0  17  1  14  2  20  3  13  4  15  5  10  6  17  7  14  8  17  9  10  10  10  11  14  12  20  13  10  14  11
  0  19  1  11  2  18  3  13  4  10  5  14  6  10  7  17  8  14  9  18  10  14  11  19  12  14  13  10  14  13
  0  20  1  14  2  16  3  16  4  10  5  13  6  13  7  10  8  20  9  19  10  11  11  19  12  18  13  10  14  11
  0  17  1  17  2  15  3  19  4  17  5  18  6  15  7  12  8  17  9  10  10  16  11  20  12  12  13  19  14  19
  0  14  1  10  2  15  3  12  4  19  5  11  6  11  7  20  8  10  9  10  10  11  11  19  12  17  13  14  14  16
  0  20  1  14  2  14  3  11  4  18  5  12  6  11  7  14  8  15  9  18  10  20  11  11  12  19  13  13  14  13
  0  17  1  10  2  12  3  17  4  20  5  18  6  18  7  10  8  17  9  18  10  17  11  15  12  15  13  11  14  14
  0  18  1  12  2  17  3  18  4  15  5  18  6  17  7  16  8  14  9  14  10  18  11  16  12  14  13  18  14  17
  0  12  1  16  2  14  3  10  4  10  5  13  6  11  7  20  8  19  9  11  10  19  11  20  12  16  13  18  14  17
  0  17  1  18  2  19  3  11  4  11  5  15  6  10  7  18  8  13  9  14  10  12  11  13  12  12  13  16  14  10
Recursos:
  0  3  1  2  2  2  3  4  4  4  5  3  6  4  7  2  8  4  9  2  10  4  11  1  12  1  13  3  14  3
  0  2  1  2  2  3  3  2  4  3  5  3  6  4  7  3  8  3  9  4  10  2  11  4  12  3  13  4  14  4
  0  2  1  3  2  1  3  1  4  4  5  2  6  2  7  4  8  1  9  3  10  1  11  2  12  3  13  1  14  1
  0  1  1  2  2  2  3  2  4  2  5  3  6  3  7  4  8  3  9  1  10  1  11  4  12  4  13  3  14  4
  0  1  1  2  2  3  3  4  4  3  5  4  6  1  7  4  8  3  9  1  10  3  11  4  12  4  13  4  14  4
  0  2  1  3  2  1  3  4  4  4  5  3  6  3  7  1  8  4  9  3  10  1  11  2  12  4  13  3  14  4
  0  4  1  4  2  1  3  4  4  1  5  1  6  1  7  3  8  4  9  3  10  1  11  4  12  4  13  3  14  3
  0  2  1  1  2  3  3  2  4  1  5  4  6  4  7  3  8  3  9  3  10  1  11  3  12  2  13  4  14  3
  0  3  1  2  2  4  3  3  4  3  5  3  6  2  7  3  8  3  9  3  10  4  11  3  12  1  13  1  14  1
  0  4  1  2  2  4  3  1  4  1  5  3  6  4  7  2  8  1  9  1  10  4  11  2  12  2  13  1  14  2
  0  4  1  1  2  4  3  4  4  4  5  2  6  3  7  1  8  2  9  4  10  1  11  1  12  3  13  2  14  4
  0  3  1  1  2  2  3  1  4  1  5  2  6  2  7  1  8  2  9  4  10  2  11  2  12  1  13  1  14  1
  0  1  1  2  2  2  3  2  4  4  5  3  6  2  7  1  8  2  9  3  10  4  11  3  12  4  13  4  14  1
  0  3  1  4  2  1  3  3  4  3  5  1  6  3  7  4  8  2  9  1  10  1  11  3  12  1  13  3  14  4
  0  1  1  2  2  4  3  1  4  1  5  1  6  2  7  2  8  3  9  2  10  1  11  1  12  4  13  2  14  1
  0  3  1  4  2  2  3  3  4  1  5  2  6  2  7  2  8  2  9  1  10  4  11  1  12  2  13  4  14  2
  0  1  1  3  2  1  3  4  4  1  5  2  6  4  7  1  8  1  9  2  10  1  11  4  12  2  13  4  14  3
  0  1  1  1  2  1  3  3  4  1  5  1  6  3  7  3  8  4  9  1  10  2  11  1  12  1  13  1  14  3
  0  3  1  3  2  1  3  4  4  2  5  1  6  2  7  2  8  3  9  1  10  2  11  1  12  1  13  4  14  3
  0  1  1  2  2  2  3  2  4  2  5  2  6  4  7  4  8  3  9  4  10  1  11  3  12  1  13  2  14  3
  0  4  1  2  2  4  3  4  4  1  5  3  6  2  7  3  8  1  9  4  10  3  11  2  12  2  13  2  14  1
  0  3  1  2  2  4  3  2  4  4  5  2  6  4  7  1  8  1  9  2  10  3  11  4  12  2  13  1  14  3
  0  1  1  1  2  2  3  2  4  3  5  2  6  4  7  2  8  1  9  3  10  2  11  1  12  2  13  2  14  2
  0  4  1  4  2  1  3  4  4  1  5  3  6  3  7  4  8  2  9  4  10  3  11  2  12  4  13  3  14  4
  0  3  1  3  2  2  3  4  4  4  5  3  6  2  7  1  8  1  9  1  10  4  11  3  12  3  13  3  14  3
  0  2  1  2  2  1  3  2  4  4  5  1  6  2  7  4  8  2  9  2  10  4  11  3  12  1  13  2  14  2
  0  2  1  4  2  2  3  4  4  2  5  1  6  2  7  2  8  2  9  3  10  3  11  4  12  3  13  2  14  1
  0  3  1  4  2  2  3  3  4  2  5  3  6  1  7  1  8  3  9  3  10  2  11  4  12  3  13  1  14  4
  0  1  1  1  2  3  3  4  4  2  5  1  6  2  7  3  8  1  9  3  10  1  11  2  12  1  13  2  14  2
  0  4  1  2  2  4  3  3  4  1  5  4  6  4  7  4  8  1  9  2  10  4  11  2  12  2  13  3  14  4
  0  1  1  4  2  3  3  4  4  3  5  1  6  3  7  3  8  4  9  1  10  3  11  1  12  3  13  1  14  2
  0  2  1  4  2  4  3  4  4  4  5  1  6  1  7  2  8  1  9  2  10  1  11  4  12  4  13  4  14  3
  0  3  1  1  2  1  3  1  4  1  5  1  6  1  7  2  8  2  9  3  10  1  11  3  12  4  13  1  14  4
  0  1  1  1  2  2  3  4  4  1  5  1  6  2  7  1  8  1  9  3  10  2  11  1  12  4  13  3  14  1
  0  2  1  2  2  4  3  1  4  2  5  4  6  2  7  1  8  3  9  2  10  1  11  2  12  1  13  2  14  2
  0  1  1  3  2  1  3  3  4  1  5  1  6  1  7  3  8  4  9  1  10  2  11  2  12  3  13  1  14  4
  0  1  1  1  2  3  3  3  4  3  5  3  6  2  7  4  8  4  9  3  10  2  11  3  12  1  13  4  14  4
  0  1  1  4  2  4  3  4  4  1  5  2  6  2  7  3  8  3  9  3  10  3  11  4  12  4  13  3  14  2
  0  2  1  2  2  4  3  4  4  2  5  2  6  4  7  4  8  4  9  4  10  1  11  4  12  3  13  1  14  4
  0  3  1  3  2  3  3  4  4  3  5  2  6  4  7  1  8  2  9  4  10  4  11  1  12  3  13  3  14  1
  0  1  1  4  2  3  3  4  4  4  5  3  6  4  7  4  8  3  9  2  10  2  11  3  12  4  13  2  14  2
  0  2  1  1  2  4  3  4  4  3  5  2  6  2  7  4  8  1  9  4  10  1  11  2  12  3  13  1  14  3
  0  1  1  1  2  1  3  2  4  1  5  3  6  1  7  3  8  1  9  4  10  4  11  1  12  2  13  3  14  3
  0  4  1  3  2  3  3  4  4  1  5  4  6  2  7  3  8  3  9  1  10  4  11  3  12  1  13  2  14  1
  0  3  1  1  2  3  3  1  4  4  5  1  6  3  7  1  8  1  9  2  10  2  11  1  12  3  13  3  14  3
  0  2  1  4  2  2  3  2  4  3  5  3  6  4  7  4  8  4  9  2  10  3  11  4  12  4  13  3  14  3
  0  4  1  4  2  1  3  1  4  1  5  4  6  1  7  2  8  3  9  4  10  4  11  4  12  1  13  3  14  4
  0  4  1  1  2  1  3  1  4  4  5  3  6  1  7  1  8  1  9  3  10  3  11  3  12  3  13  4  14  4
  0  3  1  4  2  1  3  4  4  4  5  3  6  2  7  3  8  2  9  2  10  3  11  2  12  3  13  1  14  3
  0  1  1  3  2  3  3  1  4  1  5  2  6  3  7  3  8  4  9  4  10  1  11  1  12  2  13  2  14  3
Rmax:
4
Precedencias:
23:36 
28:49 
3:12 
