50  20
  0  10  1  14  2  14  3  13  4  10  5  19  6  17  7  20  8  10  9  17  10  16  11  19  12  14  13  16  14  12  15  20  16  10  17  12  18  14  19  13
  0  10  1  12  2  12  3  15  4  19  5  10  6  11  7  13  8  13  9  12  10  14  11  11  12  13  13  16  14  19  15  10  16  15  17  14  18  11  19  11
  0  18  1  10  2  17  3  16  4  11  5  10  6  19  7  17  8  12  9  17  10  14  11  18  12  16  13  19  14  16  15  16  16  19  17  18  18  10  19  18
  0  10  1  10  2  14  3  13  4  17  5  10  6  15  7  11  8  11  9  12  10  11  11  17  12  17  13  17  14  12  15  10  16  13  17  16  18  17  19  11
  0  11  1  11  2  16  3  20  4  15  5  16  6  12  7  13  8  14  9  12  10  19  11  12  12  12  13  17  14  12  15  17  16  17  17  19  18  13  19  14
  0  15  1  20  2  12  3  12  4  15  5  15  6  19  7  15  8  18  9  15  10  13  11  16  12  12  13  16  14  11  15  19  16  13  17  10  18  13  19  15
  0  18  1  18  2  14  3  15  4  10  5  14  6  18  7  13  8  18  9  12  10  15  11  10  12  14  13  14  14  14  15  18  16  18  17  17  18  20  19  10
  0  19  1  16  2  19  3  17  4  10  5  16  6  15  7  17  8  13  9  15  10  15  11  16  12  20  13  11  14  12  15  16  16  10  17  11  18  10  19  14
  0  16  1  18  2  16  3  18  4  20  5  15  6  20  7  11  8  15  9  19  10  10  11  10  12  20  13  20  14  13  15  20  16  20  17  19  18  13  19  11
  0  20  1  15  2  19  3  16  4  18  5  14  6  10  7  20  8  11  9  12  10  18  11  18  12  19  13  19  14  19  15  20  16  14  17  13  18  10  19  10
  0  16  1  17  2  17  3  13  4  14  5  20  6  12  7  18  8  15  9  17  10  13  11  13  12  13  13  10  14  13  15  18  16  14  17  18  18  18  19  18
  0  18  1  16  2  15  3  10  4  16  5  10  6  14  7  11  8  16  9  11  10  15  11  13  12  17  13  13  14  19  15  10  16  12  17  16  18  11  19  20
  0  18  1  17  2  18  3  18  4  17  5  16  6  20  7  12  8  18  9  16  10  10  11  11  12  16  13  17  14  13  15  20  16  12  17  20  18  13  19  10
  0  16  1  14  2  11  3  10  4  18  5  12  6  15  7  17  8  20  9  20  10  19  11  17  12  10  13  16  14  18  15  17  16  10  17  11  18  13  19  20
  0  19  1  10  2  18  3  12  4  14  5  12  6  13  7  15  8  16  9  20  10  14  11  12  12  20  13  17  14  15  15  16  16  16  17  15  18  10  19  14
  0  12  1  13  2  17  3  14  4  13  5  18  6  16  7  10  8  15  9  15  10  19  11  14  12  20  13  16  14  13  15  15  16  11  17  19  18  16  19  10
  0  10  1  10  2  16  3  13  4  14  5  14  6  13  7  10  8  17  9  18  10  20  11  11  12  13  13  10  14  12  15  13  16  18  17  16  18  12  19  12
  0  20  1  18  2  19  3  10  4  19  5  16  6  17  7  19  8  18  9  18  10  18  11  15  12  19  13  13  14  13  15  10  16  12  17  12  18  12  19  15
  0  10  1  14  2  19  3  14  4  12  5  19  6  15  7  14  8  20  9  16  10  11  11  18  12  17  13  20  14  20  15  15  16  18  17  13  18  20  19  19
  0  10  1  16  2  10  3  14  4  15  5  15  6  11  7  13  8  17  9  18  10  18  11  17  12  13  13  11  14  12  15  12  16  12  17  17  18  15  19  15
  0  14  1  10  2  14  3  11  4  17  5  11  6  20  7  13  8  17  9  17  10  13  11  13  12  16  13  15  14  19  15  17  16  10  17  14  18  14  19  18
  0  20  1  15  2  18  3  15  4  15  5  14  6  19  7  19  8  20  9  18  10  12  11  16  12  11  13  12  14  11  15  19  16  14  17  19  18  14  19  20
  0  12  1  20  2  14  3  10  4  14  5  10  6  19  7  20  8  16  9  10  10  11  11  20  12  17  13  18  14  10  15  10  16  14  17  17  18  16  19  12
  0  14  1  16  2  18  3  16  4  10  5  18  6  12  7  12  8  12  9  13  10  11  11  10  12  18  13  12  14  12  15  20  16  20  17  12  18  12  19  17
  0  11  1  13  2  12  3  10  4  13  5  16  6  20  7  19  8  19  9  17  10  17  11  20  12  19  13  20  14  12  15  17  16  15  17  10  18  14  19  12
  0  16  1  11  2  17  3  19  4  14  5  18  6  12  7  13  8  14  9  12  10  16  11  16  12  17  13  12  14  15  15  10  16  14  17  18  18  14  19  17
  0  14  1  11  2  11  3  12  4  11  5  13  6  16  7  10  8  19  9  10  10  18  11  18  12  19  13  19  14  10  15  14  16  19  17  18  18  19  19  14
  0  18  1  19  2  11  3  15  4  16  5  15  6  20  7  17  8  12  9  10  10  12  11  15  12  16  13  16  14  10  15  10  16  17  17  10  18  11  19  15
  0  20  1  18  2  16  3  18  4  12  5  11  6  18  7  15  8  19  9  12  10  11  11  13  12  15  13  15  14  10  15  15  16  18  17  11  18  14  19  18
  0  13  1  10  2  15  3  16  4  17  5  13  6  15  7  14  8  11  9  15  10  20  11  13  12  12  13  12  14  17  15  20  16  14  17  12  18  11  19  17
  0  19  1  16  2  18  3  16  4  17  5  13  6  17  7  11  8  14  9  13  10  20  11  17  12  11  13  10  14  12  15  17  16  19  17  17  18  15  19  14
  0  19  1  15  2  15  3  18  4  14  5  19  6  13  7  16  8  12  9  16  10  20  11  13  12  14  13  20  14  16  15  20  16  11  17  17  18  18  19  20
  0  18  1  15  2  15  3  20  4  10  5  20  6  18  7  20  8  19  9  12  10  16  11  17  12  10  13  20  14  12  15  18  16  13  17  17  18  10  19  14
  0  18  1  12  2  18  3  13  4  10  5  10  6  13  7  19  8  19  9  16  10  12  11  19  12  14  13  13  14  13  15  11  16  18  17  17  18  16  19  19
  0  10  1  20  2  16  3  12  4  10  5  19  6  15  7  19  8  19  9  19  10  17  11  13  12  12  13  16  14  12  15  15  16  16  17  17  18  20  19  15
  0  13  1  10  2  17  3  11  4  12  5  12  6  17  7  15  8  15  9  18  10  15  11  14  12  15  13  14  14  18  15  14  16  14  17  15  18  12  19  10
  0  17  1  12  2  11  3  11  4  13  5  17  6  20  7  15  8  20  9  16  10  18  11  12  12  14  13  18  14  16  15  10  16  17  17  10  18  16  19  15
  0  18  1  13  2  14  3  10  4  17  5  10  6  12  7  10  8  12  9  17  10  13  11  13  12  14  13  11  14  16  15  20  16  13  17  12  18  12  19  19
  0  12  1  10  2  12  3  12  4  20  5  13  6  13  7  14  8  15  9  10  10  11  11  19  12  14  13  10  14  11  15  17  16  14  17  20  18  12  19  19
  0  18  1  13  2  19  3  20  4  14  5  14  6  10  7  14  8  18  9  20  10  20  11  11  12  11  13  11  14  16  15  16  16  16  17  11  18  10  19  13
  0  20  1  13  2  17  3  13  4  16  5  19  6  12  7  14  8  20  9  12  10  17  11  13  12  20  13  19  14  14  15  14  16  17  17  19  18  13  19  11
  0  10  1  10  2  14  3  20  4  15  5  12  6  18  7  17  8  13  9  15  10  18  11  11  12  19  13  15  14  17  15  17  16  11  17  12  18  11  19  16
  0  12  1  10  2  18  3  18  4  14  5  20  6  16  7  11  8  14  9  19  10  11  11  19  12  17  13  16  14  14  15  10  16  14  17  17  18  14  19  17
  0  14  1  11  2  17  3  10  4  17  5  18  6  18  7  14  8  16  9  15  10  19  11  10  12  14  13  15  14  14  15  19  16  13  17  15  18  20  19  18
  0  18  1  14  2  11  3  14  4  19  5  12  6  16  7  10  8  15  9  18  10  17  11  19  12  18  13  19  14  18  15  14  16  13  17  17  18  12  19  16
  0  20  1  10  2  17  3  10  4  17  5  10  6  13  7  12  8  14  9  10  10  11  11  19  12  20  13  19  14  13  15  14  16  17  17  13  18  17  19  11
  0  12  1  10  2  11  3  11  4  19  5  12  6  19  7  10  8  13  9  13  10  12  11  17  12  17  13  17  14  19  15  15  16  16  17  11  18  10  19  10
  0  20  1  15  2  19  3  10  4  16  5  16  6  14  7  19  8  17  9  15  10  14  11  10  12  12  13  17  14  11  15  15  16  10  17  16  18  10  19  11
  0  20  1  12  2  12  3  18  4  11  5  20  6  20  7  12  8  17  9  16  10  10  11  19  12  12  13  20  14  12  15  11  16  16  17  20  18  12  19  12
  0  13  1  14  2  11  3  15  4  17  5  15  6  16  7  19  8  15  9  12  10  17  11  16  12  18  13  14  14  14  15  12  16  11  17  14  18  13  19  11
Recursos:
  0  3  1  3  2  1  3  4  4  2  5  2  6  4  7  1  8  3  9  4  10  2  11  2  12  2  13  1  14  1  15  2  16  1  17  2  18  1  19  3
  0  2  1  3  2  2  3  4  4  3  5  4  6  4  7  4  8  1  9  1  10  3  11  1  12  3  13  1  14  2  15  1  16  4  17  1  18  3  19  1
  0  3  1  4  2  3  3  1  4  3  5  4  6  1  7  1  8  2  9  4  10  4  11  4  12  1  13  1  14  1  15  3  16  3  17  2  18  3  19  4
  0  2  1  3  2  4  3  1  4  2  5  3  6  2  7  2  8  2  9  1  10  1  11  3  12  4  13  3  14  4  15  2  16  2  17  2  18  2  19  3
  0  4  1  3  2  2  3  2  4  4  5  3  6  4  7  1  8  4  9  4  10  1  11  2  12  4  13  2  14  4  15  2  16  1  17  4  18  1  19  3
  0  1  1  1  2  1  3  1  4  1  5  1  6  1  7  4  8  3  9  1  10  3  11  2  12  3  13  4  14  1  15  2  16  4  17  4  18  4  19  3
  0  3  1  1  2  4  3  1  4  4  5  3  6  2  7  1  8  3  9  3  10  1  11  1  12  3  13  2  14  4  15  1  16  4  17  4  18  1  19  2
  0  2  1  2  2  2  3  1  4  3  5  1  6  1  7  1  8  1  9  3  10  3  11  1  12  1  13  4  14  4  15  4  16  1  17  4  18  3  19  1
  0  2  1  1  2  1  3  1  4  1  5  4  6  1  7  3  8  1  9  2  10  4  11  3  12  2  13  3  14  1  15  1  16  2  17  1  18  1  19  2
  0  4  1  1  2  3  3  4  4  2  5  1  6  3  7  4  8  3  9  4  10  1  11  4  12  4  13  3  14  3  15  3  16  3  17  1  18  3  19  1
  0  4  1  2  2  2  3  1  4  4  5  4  6  4  7  4  8  2  9  1  10  4  11  4  12  1  13  1  14  1  15  1  16  1  17  1  18  1  19  1
  0  2  1  3  2  3  3  4  4  2  5  4  6  4  7  3  8  4  9  2  10  3  11  3  12  1  13  1  14  2  15  3  16  2  17  2  18  3  19  2
  0  3  1  4  2  2  3  2  4  2  5  1  6  4  7  3  8  2  9  2  10  3  11  4  12  2  13  2  14  3  15  2  16  2  17  4  18  4  19  3
  0  2  1  3  2  1  3  4  4  3  5  3  6  3  7  2  8  1  9  3  10  3  11  4  12  2  13  1  14  4  15  1  16  4  17  1  18  4  19  4
  0  3  1  1  2  2  3  3  4  2  5  2  6  1  7  2  8  3  9  4  10  4  11  3  12  1  13  4  14  4  15  2  16  3  17  1  18  4  19  4
  0  1  1  3  2  4  3  1  4  4  5  1  6  1  7  4  8  1  9  4  10  1  11  3  12  2  13  2  14  1  15  4  16  3  17  3  18  1  19  1
  0  3  1  2  2  1  3  1  4  1  5  2  6  4  7  3  8  1  9  3  10  4  11  4  12  3  13  3  14  3  15  4  16  4  17  1  18  1  19  1
  0  2  1  1  2  1  3  3  4  4  5  1  6  2  7  2  8  4  9  2  10  1  11  4  12  3  13  1  14  3  15  3  16  4  17  4  18  4  19  3
  0  1  1  3  2  1  3  1  4  2  5  3  6  2  7  3  8  2  9  1  10  1  11  2  12  1  13  3  14  1  15  2  16  4  17  1  18  1  19  3
  0  3  1  4  2  2  3  3  4  2  5  2  6  1  7  4  8  3  9  1  10  2  11  4  12  4  13  1  14  3  15  3  16  1  17  4  18  2  19  1
  0  3  1  3  2  3  3  1  4  1  5  4  6  4  7  4  8  4  9  4  10  2  11  1  12  2  13  2  14  2  15  3  16  2  17  1  18  1  19  3
  0  4  1  3  2  1  3  2  4  4  5  3  6  2  7  2  8  2  9  4  10  1  11  3  12  4  13  4  14  2  15  3  16  3  17  3  18  4  19  4
  0  1  1  2  2  3  3  3  4  4  5  1  6  2  7  2  8  1  9  2  10  4  11  1  12  3  13  4  14  1  15  1  16  2  17  3  18  3  19  1
  0  3  1  1  2  4  3  4  4  2  5  1  6  2  7  3  8  4  9  4  10  2  11  4  12  3  13  2  14  2  15  1  16  3  17  2  18  2  19  4
  0  3  1  3  2  2  3  1  4  2  5  3  6  1  7  2  8  3  9  1  10  3  11  3  12  2  13  1  14  2  15  3  16  3  17  4  18  2  19  1
  0  2  1  3  2  1  3  3  4  4  5  4  6  2  7  4  8  1  9  1  10  2  11  2  12  3  13  1  14  1  15  2  16  2  17  2  18  1  19  3
  0  3  1  2  2  3  3  4  4  3  5  2  6  3  7  1  8  2  9  2  10  3  11  4  12  1  13  1  14  1  15  3  16  3  17  4  18  3  19  1
  0  3  1  4  2  4  3  3  4  3  5  1  6  1  7  2  8  3  9  4  10  1  11  2  12  2  13  1  14  1  15  4  16  3  17  4  18  3  19  3
  0  1  1  3  2  4  3  3  4  3  5  3  6  3  7  4  8  2  9  4  10  3  11  4  12  2  13  2  14  3  15  3  16  2  17  3  18  2  19  4
  0  2  1  2  2  1  3  2  4  4  5  4  6  2  7  3  8  2  9  2  10  1  11  2  12  3  13  3  14  1  15  2  16  2  17  1  18  3  19  3
  0  1  1  2  2  4  3  3  4  2  5  3  6  4  7  4  8  2  9  1  10  4  11  3  12  2  13  4  14  1  15  4  16  2  17  4  18  3  19  1
  0  2  1  1  2  4  3  4  4  1  5  3  6  4  7  1  8  2  9  1  10  3  11  1  12  3  13  2  14  1  15  4  16  4  17  4  18  2  19  1
  0  1  1  4  2  1  3  1  4  2  5  2  6  1  7  4  8  4  9  2  10  1  11  2  12  3  13  1  14  4  15  1  16  2  17  3  18  3  19  2
  0  4  1  1  2  3  3  1  4  2  5  1  6  1  7  1  8  3  9  3  10  2  11  3  12  1  13  1  14  3  15  1  16  2  17  2  18  3  19  2
  0  4  1  4  2  2  3  2  4  4  5  2  6  2  7  3  8  2  9  4  10  4  11  3  12  2  13  3  14  1  15  3  16  4  17  3  18  3  19  3
  0  1  1  4  2  2  3  4  4  1  5  2  6  4  7  2  8  1  9  2  10  1  11  3  12  4  13  4  14  1  15  4  16  3  17  1  18  2  19  4
  0  4  1  3  2  3  3  3  4  3  5  2  6  4  7  1  8  2  9  2  10  2  11  4  12  1  13  2  14  2  15  2  16  4  17  3  18  2  19  1
  0  1  1  4  2  1  3  1  4  4  5  3  6  3  7  2  8  4  9  1  10  1  11  2  12  4  13  2  14  1  15  4  16  1  17  3  18  2  19  3
  0  4  1  1  2  3  3  4  4  3  5  4  6  1  7  4  8  1  9  3  10  3  11  1  12  4  13  1  14  4  15  4  16  4  17  4  18  1  19  3
  0  1  1  2  2  3  3  3  4  3  5  4  6  1  7  3  8  1  9  2  10  4  11  2  12  3  13  3  14  3  15  4  16  3  17  1  18  3  19  1
  0  3  1  4  2  4  3  3  4  3  5  2  6  3  7  1  8  4  9  1  10  3  11  4  12  3  13  4  14  1  15  3  16  4  17  4  18  3  19  2
  0  1  1  4  2  2  3  2  4  2  5  2  6  2  7  3  8  3  9  4  10  4  11  1  12  2  13  3  14  2  15  4  16  1  17  3  18  4  19  3
  0  4  1  2  2  4  3  2  4  4  5  3  6  4  7  4  8  4  9  2  10  4  11  1  12  2  13  1  14  4  15  3  16  4  17  1  18  3  19  4
  0  1  1  4  2  1  3  4  4  4  5  1  6  2  7  4  8  4  9  4  10  2  11  2  12  2  13  1  14  3  15  4  16  4  17  4  18  2  19  4
  0  3  1  3  2  4  3  2  4  1  5  1  6  4  7  2  8  3  9  4  10  1  11  3  12  2  13  1  14  4  15  1  16  3  17  3  18  1  19  2
  0  1  1  3  2  4  3  2  4  4  5  4  6  4  7  4  8  2  9  4  10  2  11  4  12  2  13  4  14  2  15  3  16  4  17  3  18  3  19  3
  0  2  1  4  2  2  3  4  4  3  5  3  6  3  7  3  8  2  9  3  10  1  11  4  12  3  13  2  14  1  15  1  16  3  17  3  18  4  19  4
  0  4  1  2  2  3  3  1  4  4  5  1  6  3  7  4  8  2  9  3  10  1  11  2  12  3  13  3  14  2  15  3  16  1  17  4  18  2  19  4
  0  4  1  3  2  2  3  4  4  1  5  1  6  2  7  3  8  2  9  4  10  1  11  2  12  2  13  1  14  2  15  3  16  4  17  1  18  4  19  4
  0  4  1  4  2  2  3  3  4  3  5  3  6  3  7  4  8  2  9  3  10  4  11  2  12  4  13  1  14  1  15  1  16  3  17  1  18  2  19  4
Rmax:
4
Precedencias:
46:24 
34:8 
43:28 
11:17 
