200  15
  0  19  1  12  2  12  3  19  4  10  5  15  6  11  7  16  8  14  9  20  10  14  11  13  12  15  13  16  14  10
  0  19  1  20  2  18  3  11  4  19  5  18  6  14  7  13  8  15  9  17  10  15  11  12  12  17  13  14  14  12
  0  20  1  19  2  12  3  20  4  17  5  13  6  14  7  12  8  13  9  10  10  13  11  17  12  13  13  14  14  13
  0  12  1  15  2  15  3  15  4  14  5  10  6  11  7  10  8  15  9  10  10  11  11  14  12  14  13  10  14  11
  0  19  1  20  2  15  3  18  4  16  5  15  6  13  7  19  8  13  9  17  10  19  11  16  12  10  13  20  14  15
  0  20  1  10  2  11  3  20  4  20  5  11  6  12  7  19  8  11  9  19  10  11  11  10  12  15  13  12  14  14
  0  16  1  11  2  15  3  14  4  19  5  10  6  12  7  14  8  20  9  16  10  18  11  11  12  18  13  15  14  17
  0  18  1  18  2  19  3  12  4  10  5  11  6  12  7  14  8  11  9  18  10  14  11  14  12  14  13  18  14  17
  0  19  1  11  2  14  3  13  4  10  5  18  6  16  7  17  8  20  9  14  10  18  11  16  12  19  13  11  14  20
  0  14  1  14  2  15  3  13  4  19  5  15  6  17  7  15  8  16  9  18  10  19  11  10  12  13  13  19  14  16
  0  10  1  15  2  19  3  14  4  12  5  10  6  18  7  17  8  14  9  16  10  10  11  11  12  12  13  20  14  13
  0  18  1  20  2  20  3  13  4  17  5  18  6  10  7  17  8  11  9  11  10  17  11  20  12  15  13  18  14  13
  0  19  1  18  2  10  3  14  4  17  5  17  6  16  7  19  8  11  9  15  10  11  11  11  12  19  13  10  14  20
  0  18  1  11  2  20  3  20  4  20  5  15  6  18  7  18  8  14  9  19  10  19  11  18  12  12  13  20  14  20
  0  18  1  15  2  15  3  15  4  10  5  10  6  16  7  19  8  14  9  19  10  13  11  16  12  13  13  20  14  14
  0  19  1  11  2  19  3  17  4  11  5  17  6  15  7  16  8  15  9  10  10  13  11  18  12  17  13  11  14  18
  0  20  1  17  2  13  3  16  4  18  5  16  6  16  7  20  8  16  9  13  10  10  11  15  12  16  13  16  14  19
  0  19  1  10  2  16  3  16  4  18  5  11  6  13  7  16  8  11  9  12  10  13  11  14  12  17  13  16  14  20
  0  15  1  13  2  10  3  20  4  16  5  10  6  18  7  19  8  18  9  10  10  16  11  10  12  11  13  10  14  19
  0  20  1  17  2  13  3  10  4  10  5  11  6  11  7  10  8  16  9  16  10  18  11  15  12  13  13  15  14  16
  0  12  1  13  2  15  3  15  4  19  5  10  6  15  7  19  8  13  9  13  10  12  11  15  12  15  13  14  14  12
  0  19  1  13  2  12  3  17  4  13  5  11  6  13  7  16  8  20  9  13  10  14  11  19  12  16  13  13  14  18
  0  19  1  10  2  12  3  18  4  18  5  19  6  13  7  15  8  19  9  10  10  13  11  18  12  15  13  11  14  14
  0  15  1  12  2  18  3  12  4  13  5  10  6  16  7  18  8  16  9  20  10  20  11  19  12  11  13  12  14  13
  0  10  1  11  2  11  3  16  4  14  5  14  6  15  7  12  8  17  9  13  10  15  11  14  12  10  13  18  14  16
  0  14  1  14  2  16  3  20  4  18  5  17  6  11  7  18  8  15  9  11  10  10  11  19  12  19  13  10  14  17
  0  15  1  16  2  20  3  14  4  14  5  19  6  20  7  13  8  11  9  18  10  19  11  18  12  14  13  10  14  20
  0  19  1  11  2  10  3  19  4  16  5  10  6  12  7  15  8  19  9  13  10  18  11  16  12  13  13  20  14  10
  0  20  1  11  2  17  3  15  4  13  5  20  6  20  7  19  8  13  9  16  10  10  11  14  12  14  13  19  14  15
  0  20  1  16  2  10  3  19  4  14  5  16  6  10  7  18  8  14  9  12  10  14  11  14  12  18  13  19  14  16
  0  19  1  10  2  18  3  16  4  10  5  11  6  16  7  17  8  15  9  13  10  17  11  12  12  16  13  11  14  14
  0  19  1  11  2  11  3  16  4  14  5  12  6  17  7  14  8  15  9  18  10  13  11  17  12  19  13  13  14  13
  0  13  1  13  2  10  3  20  4  12  5  10  6  20  7  13  8  16  9  20  10  10  11  17  12  19  13  15  14  17
  0  13  1  16  2  10  3  12  4  10  5  20  6  19  7  14  8  14  9  13  10  17  11  14  12  17  13  18  14  13
  0  20  1  14  2  16  3  19  4  16  5  16  6  15  7  15  8  12  9  11  10  12  11  17  12  13  13  13  14  14
  0  12  1  13  2  15  3  10  4  11  5  19  6  18  7  13  8  17  9  11  10  19  11  13  12  13  13  14  14  14
  0  10  1  14  2  20  3  19  4  11  5  19  6  13  7  20  8  12  9  17  10  12  11  20  12  11  13  17  14  20
  0  15  1  10  2  10  3  16  4  12  5  14  6  10  7  12  8  12  9  17  10  14  11  10  12  16  13  19  14  12
  0  19  1  17  2  13  3  19  4  12  5  11  6  10  7  20  8  20  9  13  10  13  11  15  12  15  13  10  14  19
  0  18  1  14  2  17  3  11  4  18  5  11  6  17  7  10  8  20  9  18  10  11  11  14  12  19  13  12  14  10
  0  14  1  18  2  13  3  13  4  16  5  12  6  13  7  15  8  12  9  20  10  20  11  11  12  11  13  13  14  13
  0  19  1  18  2  19  3  16  4  17  5  18  6  17  7  14  8  13  9  17  10  18  11  13  12  17  13  10  14  11
  0  10  1  14  2  11  3  20  4  17  5  11  6  20  7  13  8  16  9  10  10  20  11  10  12  17  13  15  14  18
  0  12  1  12  2  14  3  17  4  14  5  19  6  12  7  13  8  11  9  17  10  13  11  12  12  20  13  20  14  20
  0  12  1  15  2  15  3  18  4  20  5  17  6  14  7  14  8  18  9  11  10  19  11  11  12  16  13  11  14  20
  0  12  1  14  2  14  3  15  4  17  5  11  6  13  7  14  8  19  9  15  10  11  11  10  12  12  13  19  14  11
  0  18  1  11  2  20  3  20  4  14  5  11  6  20  7  11  8  17  9  18  10  10  11  12  12  11  13  16  14  13
  0  17  1  11  2  10  3  20  4  19  5  10  6  12  7  13  8  11  9  19  10  14  11  20  12  11  13  19  14  10
  0  16  1  10  2  16  3  15  4  14  5  16  6  20  7  13  8  12  9  14  10  16  11  18  12  13  13  14  14  18
  0  20  1  12  2  16  3  10  4  20  5  12  6  18  7  10  8  10  9  12  10  15  11  12  12  19  13  15  14  17
  0  16  1  19  2  20  3  18  4  17  5  14  6  20  7  15  8  18  9  16  10  19  11  20  12  19  13  18  14  18
  0  15  1  15  2  16  3  15  4  11  5  15  6  17  7  10  8  16  9  13  10  16  11  11  12  20  13  19  14  10
  0  13  1  10  2  16  3  18  4  14  5  15  6  18  7  19  8  13  9  16  10  10  11  19  12  19  13  13  14  16
  0  14  1  19  2  12  3  16  4  18  5  16  6  20  7  15  8  18  9  16  10  10  11  15  12  11  13  13  14  10
  0  19  1  14  2  17  3  17  4  12  5  19  6  10  7  13  8  16  9  13  10  19  11  10  12  14  13  18  14  11
  0  12  1  19  2  10  3  14  4  14  5  18  6  14  7  13  8  14  9  15  10  20  11  16  12  14  13  18  14  13
  0  15  1  18  2  15  3  16  4  16  5  12  6  14  7  11  8  13  9  11  10  16  11  13  12  16  13  11  14  20
  0  13  1  19  2  13  3  13  4  18  5  10  6  13  7  15  8  19  9  20  10  16  11  19  12  16  13  17  14  19
  0  13  1  14  2  16  3  10  4  16  5  19  6  15  7  15  8  16  9  12  10  14  11  13  12  16  13  19  14  15
  0  14  1  14  2  12  3  16  4  20  5  18  6  19  7  19  8  12  9  19  10  19  11  16  12  13  13  20  14  13
  0  19  1  15  2  17  3  10  4  13  5  10  6  18  7  12  8  13  9  10  10  15  11  20  12  15  13  11  14  13
  0  15  1  13  2  11  3  12  4  19  5  16  6  18  7  14  8  16  9  10  10  17  11  16  12  13  13  20  14  20
  0  15  1  15  2  12  3  17  4  11  5  19  6  17  7  15  8  15  9  17  10  11  11  18  12  20  13  16  14  13
  0  18  1  20  2  19  3  14  4  16  5  20  6  16  7  12  8  13  9  17  10  12  11  19  12  14  13  12  14  16
  0  11  1  12  2  10  3  16  4  13  5  11  6  16  7  12  8  16  9  15  10  10  11  17  12  10  13  12  14  16
  0  10  1  16  2  17  3  17  4  12  5  14  6  16  7  18  8  19  9  20  10  20  11  19  12  15  13  14  14  13
  0  10  1  10  2  11  3  17  4  14  5  16  6  12  7  12  8  18  9  14  10  14  11  17  12  13  13  13  14  19
  0  10  1  19  2  12  3  18  4  13  5  14  6  12  7  15  8  14  9  19  10  15  11  17  12  10  13  15  14  16
  0  19  1  16  2  10  3  13  4  19  5  15  6  13  7  19  8  12  9  17  10  13  11  10  12  16  13  12  14  18
  0  13  1  12  2  15  3  20  4  10  5  12  6  12  7  20  8  17  9  20  10  13  11  19  12  11  13  16  14  18
  0  20  1  11  2  18  3  18  4  11  5  14  6  14  7  17  8  12  9  12  10  17  11  16  12  12  13  14  14  12
  0  17  1  12  2  19  3  14  4  13  5  14  6  12  7  11  8  15  9  20  10  19  11  15  12  10  13  18  14  17
  0  14  1  19  2  16  3  16  4  10  5  14  6  18  7  14  8  17  9  17  10  20  11  11  12  13  13  15  14  12
  0  20  1  20  2  15  3  15  4  16  5  12  6  12  7  14  8  13  9  16  10  17  11  10  12  16  13  13  14  19
  0  18  1  17  2  13  3  16  4  17  5  16  6  12  7  11  8  13  9  17  10  15  11  20  12  19  13  18  14  18
  0  14  1  15  2  16  3  13  4  12  5  20  6  15  7  14  8  18  9  14  10  18  11  10  12  19  13  19  14  20
  0  10  1  15  2  19  3  12  4  15  5  11  6  20  7  16  8  20  9  18  10  17  11  18  12  18  13  11  14  12
  0  11  1  15  2  20  3  10  4  18  5  16  6  17  7  10  8  17  9  20  10  19  11  11  12  10  13  10  14  17
  0  18  1  20  2  13  3  10  4  13  5  11  6  14  7  12  8  15  9  18  10  16  11  18  12  15  13  20  14  17
  0  19  1  16  2  15  3  16  4  12  5  20  6  14  7  18  8  15  9  13  10  16  11  15  12  12  13  15  14  11
  0  11  1  12  2  18  3  11  4  19  5  17  6  16  7  16  8  10  9  18  10  13  11  12  12  20  13  13  14  10
  0  17  1  10  2  19  3  10  4  16  5  10  6  17  7  13  8  20  9  20  10  10  11  17  12  10  13  16  14  19
  0  14  1  15  2  12  3  18  4  15  5  17  6  14  7  14  8  13  9  20  10  14  11  16  12  16  13  14  14  11
  0  13  1  13  2  15  3  10  4  17  5  20  6  10  7  17  8  20  9  19  10  13  11  14  12  11  13  17  14  18
  0  15  1  19  2  18  3  20  4  20  5  14  6  12  7  12  8  13  9  18  10  18  11  17  12  15  13  11  14  10
  0  11  1  13  2  10  3  20  4  20  5  18  6  11  7  10  8  13  9  14  10  20  11  16  12  12  13  13  14  10
  0  18  1  17  2  16  3  18  4  15  5  11  6  19  7  20  8  19  9  19  10  17  11  14  12  13  13  11  14  13
  0  10  1  12  2  10  3  12  4  18  5  20  6  11  7  10  8  15  9  20  10  16  11  20  12  17  13  20  14  11
  0  20  1  19  2  14  3  17  4  20  5  13  6  19  7  16  8  15  9  19  10  13  11  14  12  19  13  11  14  17
  0  17  1  10  2  19  3  15  4  13  5  12  6  10  7  12  8  14  9  12  10  10  11  11  12  19  13  10  14  17
  0  16  1  11  2  12  3  17  4  11  5  18  6  18  7  18  8  11  9  14  10  13  11  11  12  11  13  19  14  14
  0  15  1  16  2  17  3  13  4  17  5  11  6  20  7  11  8  20  9  10  10  10  11  17  12  13  13  15  14  14
  0  19  1  10  2  18  3  14  4  20  5  14  6  18  7  20  8  10  9  18  10  19  11  11  12  16  13  10  14  15
  0  18  1  10  2  20  3  14  4  19  5  13  6  10  7  12  8  13  9  15  10  14  11  17  12  13  13  11  14  17
  0  20  1  15  2  17  3  14  4  15  5  13  6  20  7  12  8  13  9  14  10  19  11  16  12  19  13  13  14  12
  0  11  1  13  2  15  3  19  4  10  5  15  6  11  7  13  8  19  9  11  10  14  11  18  12  19  13  15  14  11
  0  13  1  10  2  15  3  13  4  20  5  12  6  15  7  13  8  10  9  10  10  18  11  17  12  20  13  11  14  16
  0  16  1  19  2  20  3  16  4  14  5  20  6  18  7  20  8  12  9  14  10  17  11  12  12  18  13  13  14  20
  0  20  1  17  2  20  3  11  4  10  5  19  6  12  7  12  8  13  9  11  10  17  11  10  12  14  13  18  14  19
  0  12  1  20  2  19  3  14  4  15  5  18  6  18  7  18  8  12  9  20  10  15  11  14  12  17  13  19  14  15
  0  11  1  19  2  16  3  13  4  14  5  13  6  15  7  15  8  16  9  14  10  20  11  12  12  15  13  15  14  15
  0  11  1  14  2  12  3  11  4  19  5  13  6  14  7  18  8  16  9  11  10  17  11  20  12  19  13  12  14  10
  0  20  1  11  2  12  3  17  4  15  5  17  6  17  7  18  8  16  9  10  10  13  11  19  12  11  13  12  14  19
  0  18  1  20  2  11  3  12  4  19  5  11  6  15  7  20  8  13  9  17  10  11  11  11  12  18  13  10  14  20
  0  12  1  16  2  12  3  18  4  20  5  18  6  14  7  18  8  11  9  15  10  17  11  19  12  13  13  17  14  14
  0  14  1  17  2  17  3  18  4  13  5  18  6  19  7  16  8  11  9  11  10  12  11  10  12  16  13  15  14  16
  0  19  1  20  2  20  3  11  4  10  5  20  6  13  7  14  8  12  9  19  10  13  11  13  12  20  13  15  14  12
  0  13  1  11  2  17  3  18  4  16  5  12  6  12  7  14  8  20  9  13  10  17  11  15  12  20  13  14  14  17
  0  14  1  13  2  20  3  17  4  12  5  18  6  13  7  15  8  20  9  13  10  20  11  17  12  16  13  14  14  12
  0  15  1  18  2  14  3  15  4  15  5  16  6  15  7  18  8  11  9  16  10  12  11  20  12  19  13  13  14  17
  0  18  1  13  2  19  3  16  4  18  5  18  6  10  7  20  8  15  9  15  10  11  11  17  12  18  13  11  14  11
  0  20  1  19  2  13  3  16  4  14  5  19  6  17  7  19  8  19  9  14  10  15  11  16  12  20  13  15  14  16
  0  17  1  15  2  20  3  19  4  12  5  14  6  19  7  15  8  14  9  11  10  14  11  20  12  20  13  12  14  14
  0  12  1  17  2  13  3  12  4  11  5  11  6  18  7  18  8  19  9  20  10  12  11  18  12  18  13  16  14  11
  0  13  1  12  2  15  3  12  4  11  5  12  6  20  7  15  8  12  9  15  10  18  11  17  12  10  13  12  14  17
  0  16  1  20  2  12  3  13  4  14  5  16  6  20  7  17  8  12  9  12  10  14  11  18  12  20  13  18  14  12
  0  17  1  19  2  16  3  20  4  12  5  11  6  16  7  10  8  13  9  20  10  18  11  19  12  16  13  19  14  10
  0  13  1  12  2  19  3  17  4  15  5  10  6  15  7  18  8  13  9  11  10  15  11  16  12  16  13  16  14  19
  0  20  1  18  2  17  3  19  4  18  5  17  6  15  7  16  8  12  9  20  10  17  11  13  12  18  13  17  14  18
  0  16  1  15  2  13  3  20  4  20  5  18  6  17  7  17  8  16  9  18  10  10  11  10  12  13  13  10  14  20
  0  13  1  11  2  13  3  12  4  16  5  19  6  10  7  16  8  16  9  11  10  16  11  17  12  13  13  15  14  20
  0  13  1  17  2  17  3  16  4  19  5  19  6  17  7  17  8  16  9  20  10  12  11  16  12  20  13  14  14  19
  0  18  1  14  2  11  3  19  4  16  5  14  6  13  7  14  8  18  9  18  10  10  11  18  12  16  13  12  14  15
  0  18  1  14  2  16  3  15  4  14  5  10  6  13  7  19  8  14  9  11  10  15  11  17  12  20  13  20  14  14
  0  10  1  12  2  19  3  20  4  16  5  19  6  11  7  10  8  13  9  15  10  18  11  19  12  10  13  17  14  13
  0  13  1  17  2  18  3  14  4  18  5  17  6  13  7  11  8  13  9  10  10  12  11  19  12  14  13  13  14  18
  0  19  1  10  2  10  3  10  4  16  5  20  6  18  7  18  8  15  9  19  10  13  11  10  12  16  13  19  14  14
  0  18  1  11  2  18  3  15  4  10  5  18  6  17  7  15  8  11  9  15  10  19  11  16  12  14  13  12  14  13
  0  10  1  11  2  11  3  15  4  15  5  14  6  16  7  17  8  14  9  20  10  19  11  10  12  14  13  12  14  19
  0  14  1  19  2  19  3  20  4  16  5  11  6  12  7  20  8  13  9  20  10  10  11  10  12  18  13  17  14  10
  0  11  1  18  2  18  3  11  4  11  5  15  6  10  7  10  8  15  9  14  10  14  11  18  12  11  13  10  14  11
  0  17  1  11  2  14  3  19  4  20  5  19  6  13  7  18  8  10  9  17  10  14  11  17  12  16  13  17  14  17
  0  11  1  17  2  17  3  14  4  17  5  20  6  16  7  17  8  13  9  13  10  19  11  17  12  12  13  20  14  17
  0  20  1  16  2  18  3  17  4  17  5  19  6  14  7  17  8  15  9  12  10  10  11  16  12  10  13  11  14  14
  0  12  1  11  2  18  3  18  4  13  5  20  6  13  7  18  8  18  9  17  10  17  11  19  12  12  13  11  14  20
  0  15  1  15  2  17  3  13  4  10  5  15  6  15  7  15  8  11  9  13  10  18  11  20  12  19  13  16  14  17
  0  15  1  14  2  19  3  10  4  20  5  12  6  11  7  17  8  16  9  15  10  19  11  20  12  14  13  12  14  16
  0  12  1  15  2  11  3  18  4  10  5  11  6  10  7  16  8  18  9  18  10  12  11  13  12  10  13  18  14  16
  0  20  1  15  2  13  3  10  4  11  5  17  6  15  7  12  8  13  9  18  10  11  11  14  12  20  13  12  14  10
  0  10  1  14  2  11  3  12  4  20  5  15  6  16  7  12  8  20  9  17  10  13  11  20  12  19  13  13  14  19
  0  17  1  14  2  16  3  18  4  17  5  11  6  16  7  10  8  11  9  17  10  12  11  14  12  14  13  17  14  12
  0  17  1  19  2  10  3  14  4  10  5  12  6  13  7  11  8  13  9  14  10  18  11  12  12  15  13  18  14  14
  0  15  1  12  2  11  3  20  4  16  5  17  6  12  7  17  8  12  9  15  10  13  11  12  12  18  13  17  14  17
  0  14  1  11  2  14  3  10  4  15  5  15  6  16  7  19  8  14  9  19  10  17  11  13  12  17  13  17  14  15
  0  13  1  18  2  13  3  15  4  11  5  11  6  17  7  14  8  13  9  13  10  16  11  10  12  17  13  19  14  12
  0  17  1  11  2  10  3  19  4  19  5  16  6  12  7  19  8  12  9  11  10  14  11  17  12  20  13  18  14  13
  0  20  1  17  2  13  3  18  4  13  5  19  6  16  7  12  8  11  9  20  10  13  11  12  12  10  13  19  14  18
  0  13  1  12  2  19  3  15  4  16  5  12  6  20  7  12  8  10  9  10  10  20  11  12  12  20  13  16  14  20
  0  16  1  10  2  20  3  16  4  18  5  19  6  19  7  19  8  10  9  17  10  16  11  17  12  14  13  12  14  14
  0  18  1  14  2  10  3  16  4  15  5  12  6  11  7  19  8  10  9  15  10  13  11  12  12  14  13  16  14  19
  0  18  1  18  2  20  3  11  4  16  5  16  6  11  7  18  8  14  9  16  10  10  11  18  12  14  13  14  14  10
  0  13  1  13  2  12  3  18  4  11  5  20  6  16  7  11  8  14  9  18  10  12  11  13  12  16  13  18  14  19
  0  15  1  20  2  13  3  19  4  14  5  17  6  15  7  13  8  19  9  12  10  13  11  18  12  15  13  18  14  10
  0  19  1  13  2  17  3  14  4  17  5  13  6  13  7  20  8  17  9  10  10  10  11  17  12  19  13  14  14  11
  0  19  1  11  2  20  3  18  4  13  5  12  6  15  7  12  8  10  9  19  10  12  11  18  12  17  13  19  14  11
  0  19  1  13  2  11  3  18  4  17  5  13  6  13  7  17  8  19  9  18  10  16  11  17  12  20  13  12  14  14
  0  12  1  12  2  19  3  20  4  20  5  18  6  16  7  20  8  15  9  12  10  17  11  11  12  13  13  15  14  20
  0  18  1  11  2  11  3  14  4  14  5  11  6  17  7  19  8  13  9  13  10  19  11  15  12  20  13  20  14  18
  0  15  1  11  2  15  3  19  4  11  5  15  6  18  7  12  8  13  9  10  10  17  11  14  12  12  13  14  14  16
  0  12  1  20  2  16  3  18  4  18  5  10  6  19  7  16  8  16  9  17  10  10  11  13  12  15  13  12  14  14
  0  12  1  13  2  17  3  19  4  11  5  20  6  12  7  11  8  10  9  10  10  13  11  20  12  10  13  20  14  13
  0  12  1  15  2  12  3  16  4  18  5  20  6  14  7  19  8  16  9  19  10  20  11  19  12  17  13  12  14  19
  0  17  1  12  2  10  3  14  4  18  5  10  6  11  7  11  8  11  9  10  10  10  11  20  12  14  13  16  14  16
  0  15  1  11  2  14  3  12  4  10  5  12  6  17  7  11  8  18  9  14  10  20  11  14  12  20  13  17  14  18
  0  12  1  15  2  20  3  14  4  11  5  20  6  11  7  11  8  16  9  12  10  16  11  14  12  18  13  13  14  14
  0  16  1  17  2  10  3  12  4  18  5  12  6  10  7  20  8  13  9  15  10  12  11  15  12  17  13  16  14  17
  0  17  1  12  2  20  3  17  4  13  5  19  6  17  7  12  8  11  9  13  10  11  11  20  12  18  13  15  14  16
  0  12  1  10  2  18  3  10  4  17  5  17  6  16  7  12  8  18  9  17  10  14  11  20  12  20  13  13  14  11
  0  10  1  14  2  12  3  17  4  20  5  11  6  13  7  14  8  11  9  10  10  11  11  20  12  17  13  14  14  14
  0  12  1  11  2  15  3  19  4  12  5  20  6  12  7  16  8  20  9  19  10  17  11  18  12  15  13  20  14  14
  0  13  1  16  2  15  3  10  4  11  5  18  6  19  7  13  8  16  9  13  10  16  11  16  12  11  13  19  14  16
  0  10  1  14  2  13  3  14  4  19  5  20  6  20  7  18  8  15  9  12  10  17  11  16  12  16  13  15  14  13
  0  13  1  16  2  17  3  19  4  19  5  16  6  12  7  15  8  10  9  14  10  14  11  18  12  15  13  11  14  15
  0  20  1  10  2  14  3  13  4  19  5  16  6  13  7  19  8  18  9  12  10  15  11  15  12  15  13  17  14  16
  0  18  1  19  2  14  3  14  4  16  5  11  6  19  7  12  8  12  9  14  10  14  11  11  12  15  13  19  14  17
  0  16  1  20  2  12  3  14  4  13  5  15  6  16  7  13  8  15  9  15  10  17  11  19  12  10  13  10  14  19
  0  10  1  17  2  12  3  19  4  16  5  11  6  11  7  11  8  17  9  13  10  11  11  14  12  12  13  20  14  20
  0  11  1  19  2  18  3  16  4  14  5  17  6  16  7  14  8  20  9  16  10  11  11  13  12  19  13  13  14  15
  0  15  1  11  2  17  3  10  4  20  5  15  6  10  7  14  8  11  9  19  10  17  11  12  12  10  13  12  14  11
  0  17  1  12  2  14  3  17  4  20  5  13  6  19  7  18  8  19  9  20  10  17  11  17  12  16  13  13  14  12
  0  16  1  18  2  20  3  13  4  14  5  14  6  10  7  19  8  18  9  19  10  20  11  17  12  16  13  19  14  11
  0  10  1  15  2  19  3  14  4  20  5  12  6  13  7  11  8  15  9  12  10  18  11  18  12  12  13  12  14  14
  0  18  1  11  2  20  3  10  4  12  5  10  6  10  7  19  8  18  9  16  10  16  11  13  12  14  13  11  14  11
  0  15  1  19  2  13  3  10  4  15  5  10  6  10  7  13  8  20  9  17  10  12  11  17  12  13  13  19  14  12
  0  10  1  12  2  12  3  17  4  11  5  11  6  11  7  13  8  19  9  19  10  19  11  10  12  17  13  14  14  20
  0  17  1  20  2  18  3  11  4  14  5  15  6  15  7  14  8  16  9  13  10  18  11  18  12  10  13  20  14  10
  0  18  1  16  2  20  3  19  4  10  5  18  6  17  7  15  8  11  9  17  10  10  11  20  12  18  13  10  14  10
  0  12  1  14  2  18  3  20  4  18  5  14  6  19  7  11  8  10  9  12  10  13  11  13  12  19  13  15  14  19
  0  17  1  15  2  17  3  11  4  15  5  12  6  11  7  15  8  18  9  15  10  17  11  16  12  11  13  18  14  12
  0  10  1  11  2  15  3  18  4  11  5  14  6  18  7  19  8  16  9  20  10  18  11  18  12  18  13  14  14  15
  0  16  1  14  2  10  3  13  4  20  5  16  6  16  7  10  8  12  9  19  10  14  11  17  12  17  13  12  14  16
  0  10  1  20  2  14  3  14  4  16  5  11  6  13  7  11  8  16  9  16  10  15  11  15  12  11  13  15  14  10
  0  12  1  15  2  11  3  14  4  17  5  12  6  20  7  18  8  15  9  19  10  14  11  19  12  14  13  15  14  12
  0  10  1  12  2  12  3  10  4  12  5  19  6  19  7  11  8  16  9  12  10  14  11  20  12  18  13  13  14  19
  0  16  1  17  2  17  3  18  4  13  5  11  6  10  7  12  8  18  9  19  10  20  11  16  12  10  13  11  14  11
  0  12  1  20  2  16  3  12  4  20  5  12  6  10  7  14  8  11  9  15  10  10  11  14  12  10  13  20  14  19
  0  12  1  12  2  13  3  15  4  17  5  13  6  12  7  10  8  14  9  11  10  13  11  20  12  11  13  20  14  19
  0  12  1  16  2  10  3  10  4  14  5  12  6  18  7  13  8  19  9  13  10  12  11  10  12  15  13  11  14  10
  0  13  1  20  2  13  3  11  4  13  5  16  6  14  7  19  8  11  9  12  10  18  11  16  12  20  13  18  14  19
  0  20  1  10  2  10  3  14  4  19  5  15  6  12  7  20  8  13  9  18  10  14  11  15  12  16  13  20  14  18
Recursos:
  0  2  1  1  2  3  3  3  4  3  5  2  6  3  7  3  8  3  9  1  10  1  11  1  12  1  13  3  14  2
  0  2  1  1  2  3  3  3  4  3  5  3  6  1  7  3  8  2  9  3  10  3  11  1  12  2  13  1  14  1
  0  2  1  1  2  2  3  2  4  2  5  3  6  3  7  1  8  3  9  2  10  3  11  3  12  3  13  1  14  2
  0  2  1  3  2  3  3  3  4  1  5  2  6  2  7  1  8  1  9  2  10  1  11  2  12  1  13  2  14  1
  0  3  1  2  2  1  3  3  4  3  5  1  6  1  7  1  8  1  9  3  10  1  11  2  12  1  13  1  14  3
  0  1  1  3  2  3  3  3  4  1  5  2  6  2  7  3  8  1  9  2  10  2  11  1  12  2  13  3  14  1
  0  2  1  1  2  3  3  3  4  1  5  3  6  1  7  1  8  3  9  1  10  1  11  2  12  1  13  2  14  1
  0  2  1  3  2  2  3  3  4  1  5  2  6  3  7  1  8  2  9  1  10  2  11  3  12  2  13  1  14  3
  0  3  1  1  2  3  3  3  4  3  5  1  6  2  7  3  8  1  9  1  10  2  11  3  12  2  13  1  14  2
  0  3  1  1  2  3  3  1  4  1  5  3  6  1  7  1  8  2  9  1  10  1  11  1  12  1  13  3  14  1
  0  2  1  2  2  2  3  3  4  2  5  3  6  2  7  1  8  2  9  2  10  3  11  2  12  3  13  1  14  1
  0  2  1  2  2  2  3  3  4  3  5  1  6  3  7  1  8  2  9  2  10  2  11  2  12  1  13  1  14  2
  0  3  1  3  2  3  3  2  4  1  5  3  6  3  7  1  8  2  9  3  10  3  11  3  12  1  13  3  14  3
  0  1  1  2  2  3  3  3  4  2  5  2  6  1  7  2  8  2  9  1  10  3  11  3  12  1  13  3  14  2
  0  1  1  1  2  1  3  1  4  3  5  1  6  2  7  1  8  1  9  2  10  1  11  2  12  2  13  2  14  1
  0  1  1  2  2  1  3  2  4  2  5  3  6  3  7  1  8  1  9  1  10  3  11  2  12  3  13  2  14  2
  0  3  1  1  2  1  3  3  4  3  5  3  6  1  7  3  8  2  9  3  10  1  11  2  12  1  13  1  14  3
  0  2  1  3  2  3  3  1  4  2  5  1  6  1  7  3  8  1  9  2  10  1  11  2  12  3  13  1  14  1
  0  3  1  1  2  2  3  1  4  3  5  2  6  3  7  3  8  2  9  3  10  1  11  2  12  3  13  1  14  2
  0  3  1  1  2  3  3  2  4  2  5  1  6  2  7  2  8  2  9  2  10  2  11  1  12  2  13  3  14  3
  0  3  1  2  2  2  3  2  4  2  5  2  6  3  7  2  8  1  9  1  10  3  11  1  12  1  13  1  14  3
  0  1  1  2  2  3  3  3  4  3  5  2  6  3  7  1  8  1  9  1  10  3  11  1  12  1  13  1  14  1
  0  1  1  1  2  2  3  1  4  3  5  3  6  2  7  3  8  3  9  2  10  2  11  1  12  1  13  3  14  3
  0  2  1  3  2  2  3  1  4  1  5  2  6  2  7  1  8  2  9  3  10  1  11  1  12  1  13  3  14  2
  0  3  1  1  2  1  3  1  4  3  5  3  6  3  7  2  8  2  9  1  10  3  11  3  12  1  13  2  14  3
  0  3  1  3  2  3  3  2  4  3  5  2  6  2  7  3  8  3  9  1  10  1  11  3  12  3  13  3  14  2
  0  2  1  3  2  1  3  2  4  3  5  3  6  1  7  3  8  2  9  3  10  3  11  1  12  2  13  2  14  1
  0  2  1  2  2  1  3  2  4  3  5  2  6  1  7  1  8  3  9  2  10  1  11  2  12  1  13  2  14  1
  0  1  1  1  2  3  3  1  4  1  5  1  6  1  7  3  8  1  9  2  10  3  11  3  12  1  13  1  14  2
  0  3  1  3  2  3  3  1  4  3  5  3  6  1  7  1  8  1  9  3  10  2  11  3  12  3  13  3  14  1
  0  2  1  2  2  1  3  3  4  1  5  2  6  3  7  1  8  1  9  3  10  3  11  2  12  3  13  2  14  3
  0  3  1  2  2  2  3  2  4  3  5  3  6  1  7  2  8  1  9  3  10  3  11  2  12  2  13  3  14  2
  0  1  1  1  2  2  3  3  4  1  5  1  6  3  7  2  8  1  9  2  10  3  11  3  12  1  13  2  14  2
  0  3  1  1  2  1  3  1  4  2  5  1  6  3  7  2  8  1  9  2  10  3  11  3  12  3  13  2  14  3
  0  1  1  1  2  1  3  3  4  3  5  1  6  3  7  1  8  1  9  3  10  2  11  3  12  2  13  2  14  2
  0  2  1  2  2  3  3  1  4  1  5  1  6  2  7  3  8  3  9  1  10  2  11  3  12  2  13  3  14  1
  0  1  1  2  2  1  3  2  4  1  5  2  6  3  7  3  8  2  9  3  10  3  11  3  12  1  13  3  14  3
  0  1  1  3  2  1  3  2  4  2  5  1  6  2  7  2  8  3  9  1  10  2  11  1  12  1  13  1  14  3
  0  2  1  2  2  2  3  3  4  3  5  3  6  3  7  3  8  1  9  1  10  3  11  1  12  2  13  2  14  1
  0  2  1  1  2  1  3  2  4  1  5  1  6  2  7  1  8  3  9  1  10  2  11  2  12  1  13  1  14  3
  0  2  1  3  2  1  3  1  4  2  5  3  6  3  7  1  8  1  9  2  10  2  11  3  12  2  13  3  14  1
  0  1  1  1  2  3  3  1  4  1  5  3  6  3  7  3  8  1  9  2  10  1  11  1  12  1  13  1  14  3
  0  2  1  3  2  2  3  2  4  2  5  2  6  1  7  1  8  1  9  2  10  2  11  1  12  2  13  3  14  3
  0  2  1  1  2  2  3  2  4  2  5  2  6  3  7  1  8  3  9  1  10  3  11  3  12  1  13  3  14  2
  0  1  1  3  2  3  3  1  4  1  5  2  6  1  7  2  8  2  9  1  10  3  11  2  12  3  13  1  14  1
  0  2  1  1  2  2  3  1  4  1  5  2  6  2  7  3  8  2  9  2  10  2  11  3  12  3  13  2  14  2
  0  1  1  2  2  1  3  3  4  3  5  3  6  1  7  1  8  3  9  2  10  2  11  2  12  1  13  2  14  3
  0  2  1  2  2  3  3  3  4  1  5  3  6  3  7  3  8  1  9  2  10  3  11  1  12  2  13  1  14  2
  0  2  1  2  2  1  3  2  4  2  5  1  6  3  7  2  8  2  9  2  10  1  11  1  12  1  13  1  14  3
  0  1  1  2  2  3  3  1  4  3  5  2  6  1  7  2  8  3  9  3  10  2  11  2  12  2  13  1  14  3
  0  3  1  3  2  1  3  3  4  1  5  3  6  2  7  2  8  3  9  1  10  2  11  3  12  3  13  2  14  2
  0  1  1  1  2  2  3  2  4  3  5  2  6  1  7  1  8  3  9  2  10  2  11  3  12  2  13  2  14  1
  0  3  1  2  2  3  3  1  4  3  5  1  6  1  7  3  8  3  9  3  10  1  11  2  12  3  13  1  14  3
  0  3  1  3  2  2  3  1  4  2  5  2  6  3  7  3  8  1  9  2  10  3  11  2  12  2  13  1  14  1
  0  2  1  3  2  1  3  1  4  3  5  1  6  3  7  2  8  2  9  1  10  2  11  3  12  1  13  2  14  2
  0  2  1  3  2  3  3  2  4  2  5  1  6  2  7  1  8  3  9  1  10  3  11  1  12  1  13  1  14  2
  0  3  1  1  2  3  3  3  4  1  5  1  6  2  7  2  8  3  9  3  10  3  11  3  12  1  13  2  14  1
  0  1  1  2  2  1  3  1  4  1  5  3  6  1  7  2  8  2  9  2  10  2  11  2  12  2  13  1  14  2
  0  1  1  3  2  3  3  3  4  3  5  3  6  1  7  2  8  3  9  3  10  2  11  3  12  2  13  1  14  1
  0  3  1  1  2  1  3  1  4  1  5  2  6  1  7  1  8  3  9  3  10  1  11  3  12  1  13  3  14  2
  0  2  1  1  2  1  3  2  4  1  5  2  6  3  7  3  8  1  9  1  10  2  11  1  12  3  13  2  14  3
  0  2  1  3  2  1  3  2  4  2  5  3  6  2  7  1  8  3  9  1  10  3  11  2  12  1  13  1  14  3
  0  2  1  3  2  2  3  1  4  1  5  3  6  3  7  1  8  3  9  1  10  3  11  1  12  2  13  3  14  3
  0  2  1  1  2  3  3  1  4  1  5  3  6  3  7  2  8  1  9  3  10  3  11  2  12  1  13  2  14  2
  0  1  1  2  2  2  3  3  4  1  5  3  6  1  7  1  8  3  9  3  10  2  11  2  12  2  13  2  14  2
  0  2  1  2  2  1  3  2  4  2  5  1  6  2  7  3  8  2  9  2  10  2  11  3  12  3  13  3  14  3
  0  2  1  3  2  2  3  3  4  1  5  3  6  3  7  1  8  1  9  3  10  1  11  2  12  2  13  2  14  1
  0  2  1  1  2  3  3  3  4  3  5  3  6  1  7  2  8  2  9  1  10  2  11  3  12  1  13  3  14  2
  0  1  1  2  2  1  3  1  4  2  5  1  6  1  7  3  8  3  9  3  10  1  11  1  12  2  13  2  14  1
  0  2  1  3  2  1  3  1  4  1  5  3  6  3  7  2  8  1  9  3  10  3  11  3  12  2  13  2  14  3
  0  2  1  1  2  1  3  2  4  3  5  2  6  1  7  3  8  3  9  1  10  1  11  1  12  1  13  2  14  1
  0  3  1  3  2  1  3  2  4  2  5  2  6  3  7  2  8  3  9  1  10  3  11  2  12  2  13  2  14  2
  0  3  1  3  2  2  3  3  4  1  5  1  6  1  7  3  8  3  9  1  10  1  11  3  12  1  13  3  14  1
  0  2  1  2  2  2  3  1  4  2  5  3  6  2  7  1  8  3  9  2  10  3  11  2  12  1  13  1  14  2
  0  1  1  3  2  2  3  1  4  1  5  2  6  1  7  2  8  1  9  1  10  3  11  2  12  1  13  2  14  2
  0  3  1  1  2  2  3  3  4  3  5  1  6  2  7  3  8  2  9  2  10  2  11  3  12  2  13  3  14  3
  0  1  1  1  2  2  3  2  4  2  5  2  6  2  7  1  8  1  9  1  10  2  11  1  12  2  13  1  14  1
  0  1  1  1  2  3  3  3  4  1  5  2  6  2  7  1  8  1  9  1  10  2  11  3  12  2  13  3  14  3
  0  2  1  2  2  2  3  2  4  3  5  1  6  1  7  2  8  2  9  2  10  1  11  1  12  2  13  3  14  1
  0  3  1  1  2  3  3  1  4  1  5  3  6  3  7  3  8  1  9  3  10  1  11  2  12  1  13  2  14  2
  0  3  1  2  2  1  3  2  4  3  5  2  6  2  7  1  8  2  9  3  10  1  11  1  12  3  13  1  14  2
  0  3  1  1  2  3  3  1  4  3  5  3  6  3  7  3  8  1  9  1  10  2  11  1  12  2  13  1  14  1
  0  1  1  1  2  3  3  3  4  3  5  2  6  1  7  1  8  2  9  3  10  2  11  1  12  3  13  2  14  3
  0  1  1  1  2  2  3  1  4  3  5  3  6  2  7  3  8  1  9  3  10  1  11  2  12  1  13  1  14  1
  0  3  1  2  2  3  3  2  4  2  5  1  6  3  7  1  8  1  9  1  10  3  11  3  12  3  13  3  14  3
  0  1  1  3  2  2  3  3  4  2  5  2  6  2  7  2  8  1  9  3  10  1  11  3  12  2  13  3  14  1
  0  1  1  3  2  3  3  3  4  1  5  2  6  2  7  3  8  1  9  3  10  3  11  1  12  3  13  2  14  1
  0  3  1  3  2  3  3  2  4  2  5  3  6  2  7  1  8  3  9  1  10  2  11  1  12  2  13  3  14  3
  0  1  1  3  2  3  3  2  4  2  5  1  6  1  7  1  8  2  9  3  10  2  11  3  12  1  13  3  14  3
  0  1  1  2  2  2  3  1  4  2  5  2  6  1  7  3  8  1  9  1  10  2  11  3  12  2  13  2  14  3
  0  1  1  1  2  2  3  2  4  2  5  3  6  3  7  2  8  2  9  1  10  2  11  3  12  2  13  1  14  3
  0  2  1  3  2  1  3  1  4  1  5  3  6  2  7  3  8  1  9  2  10  3  11  3  12  2  13  2  14  2
  0  2  1  3  2  1  3  3  4  2  5  1  6  3  7  3  8  1  9  1  10  3  11  1  12  2  13  2  14  1
  0  1  1  3  2  1  3  2  4  2  5  1  6  3  7  1  8  2  9  2  10  3  11  1  12  1  13  2  14  2
  0  1  1  2  2  3  3  3  4  3  5  1  6  1  7  3  8  2  9  2  10  2  11  2  12  3  13  2  14  3
  0  3  1  2  2  2  3  3  4  1  5  2  6  1  7  3  8  1  9  3  10  2  11  2  12  1  13  1  14  1
  0  1  1  3  2  2  3  1  4  3  5  3  6  3  7  3  8  3  9  3  10  2  11  2  12  1  13  1  14  3
  0  3  1  2  2  3  3  3  4  3  5  2  6  3  7  2  8  2  9  1  10  1  11  1  12  3  13  2  14  2
  0  3  1  2  2  3  3  1  4  2  5  1  6  1  7  1  8  1  9  1  10  3  11  1  12  3  13  3  14  1
  0  1  1  2  2  3  3  2  4  2  5  3  6  3  7  1  8  2  9  2  10  1  11  1  12  3  13  1  14  3
  0  1  1  3  2  1  3  2  4  3  5  1  6  3  7  1  8  3  9  2  10  2  11  2  12  2  13  3  14  3
  0  2  1  1  2  3  3  1  4  3  5  2  6  1  7  1  8  3  9  2  10  2  11  3  12  1  13  2  14  1
  0  3  1  1  2  1  3  1  4  1  5  2  6  3  7  1  8  2  9  2  10  2  11  1  12  2  13  3  14  1
  0  1  1  3  2  3  3  2  4  1  5  1  6  1  7  3  8  3  9  3  10  2  11  1  12  1  13  1  14  1
  0  3  1  1  2  1  3  1  4  1  5  2  6  1  7  1  8  2  9  3  10  3  11  2  12  1  13  3  14  3
  0  3  1  1  2  1  3  1  4  2  5  2  6  3  7  2  8  3  9  3  10  2  11  1  12  2  13  3  14  3
  0  2  1  1  2  2  3  2  4  3  5  2  6  2  7  3  8  3  9  3  10  3  11  3  12  3  13  3  14  2
  0  3  1  3  2  1  3  1  4  3  5  3  6  3  7  1  8  3  9  3  10  1  11  3  12  2  13  3  14  1
  0  3  1  2  2  2  3  1  4  3  5  1  6  2  7  2  8  3  9  2  10  3  11  3  12  3  13  2  14  2
  0  1  1  3  2  1  3  3  4  2  5  1  6  3  7  3  8  3  9  2  10  2  11  2  12  2  13  3  14  3
  0  1  1  2  2  2  3  2  4  3  5  1  6  2  7  1  8  3  9  1  10  3  11  2  12  1  13  2  14  2
  0  3  1  1  2  3  3  3  4  1  5  1  6  3  7  1  8  3  9  1  10  1  11  3  12  3  13  2  14  1
  0  2  1  3  2  1  3  3  4  3  5  2  6  3  7  1  8  3  9  2  10  1  11  3  12  1  13  1  14  1
  0  3  1  1  2  1  3  2  4  1  5  2  6  3  7  3  8  2  9  2  10  1  11  1  12  1  13  3  14  3
  0  1  1  1  2  2  3  1  4  3  5  1  6  3  7  1  8  2  9  2  10  2  11  3  12  1  13  3  14  3
  0  2  1  2  2  1  3  2  4  2  5  3  6  2  7  3  8  1  9  1  10  1  11  1  12  1  13  1  14  3
  0  2  1  3  2  2  3  3  4  1  5  3  6  3  7  3  8  2  9  1  10  1  11  1  12  1  13  2  14  3
  0  2  1  2  2  3  3  3  4  1  5  1  6  2  7  2  8  2  9  2  10  1  11  2  12  1  13  1  14  2
  0  3  1  2  2  3  3  3  4  2  5  1  6  1  7  1  8  2  9  1  10  3  11  2  12  1  13  3  14  2
  0  1  1  2  2  2  3  2  4  2  5  1  6  1  7  3  8  1  9  3  10  3  11  3  12  1  13  2  14  3
  0  2  1  1  2  3  3  2  4  2  5  3  6  1  7  3  8  1  9  2  10  1  11  2  12  2  13  2  14  1
  0  1  1  2  2  2  3  1  4  3  5  1  6  3  7  2  8  1  9  2  10  3  11  2  12  1  13  3  14  3
  0  2  1  1  2  3  3  3  4  2  5  1  6  3  7  3  8  1  9  2  10  3  11  3  12  1  13  3  14  3
  0  3  1  2  2  1  3  2  4  3  5  2  6  1  7  2  8  2  9  3  10  3  11  3  12  3  13  3  14  3
  0  1  1  1  2  2  3  2  4  3  5  2  6  1  7  3  8  2  9  3  10  1  11  3  12  2  13  1  14  1
  0  2  1  1  2  2  3  2  4  1  5  2  6  3  7  2  8  1  9  3  10  3  11  3  12  3  13  3  14  2
  0  3  1  1  2  1  3  2  4  1  5  3  6  1  7  3  8  3  9  3  10  2  11  2  12  2  13  1  14  1
  0  1  1  2  2  2  3  1  4  3  5  1  6  2  7  1  8  1  9  1  10  1  11  2  12  1  13  2  14  2
  0  1  1  2  2  3  3  2  4  2  5  3  6  3  7  3  8  1  9  3  10  2  11  3  12  3  13  3  14  1
  0  1  1  3  2  3  3  2  4  2  5  1  6  2  7  3  8  2  9  2  10  2  11  1  12  2  13  3  14  1
  0  2  1  3  2  3  3  3  4  1  5  3  6  1  7  3  8  2  9  1  10  3  11  3  12  2  13  2  14  1
  0  2  1  1  2  3  3  1  4  1  5  2  6  3  7  2  8  1  9  1  10  2  11  2  12  3  13  2  14  2
  0  3  1  1  2  3  3  1  4  2  5  1  6  2  7  2  8  2  9  3  10  1  11  3  12  3  13  2  14  2
  0  3  1  3  2  2  3  2  4  2  5  3  6  1  7  2  8  1  9  1  10  3  11  3  12  2  13  1  14  1
  0  3  1  3  2  3  3  3  4  2  5  3  6  2  7  3  8  1  9  1  10  1  11  1  12  1  13  1  14  1
  0  3  1  3  2  3  3  3  4  1  5  2  6  2  7  2  8  3  9  1  10  2  11  3  12  2  13  1  14  3
  0  2  1  3  2  3  3  3  4  2  5  2  6  2  7  3  8  2  9  3  10  2  11  3  12  2  13  1  14  2
  0  3  1  3  2  1  3  1  4  2  5  2  6  1  7  2  8  1  9  3  10  2  11  3  12  2  13  1  14  2
  0  2  1  2  2  1  3  2  4  1  5  1  6  3  7  1  8  3  9  1  10  2  11  1  12  3  13  2  14  1
  0  1  1  3  2  1  3  3  4  2  5  1  6  2  7  1  8  2  9  1  10  3  11  1  12  3  13  3  14  1
  0  2  1  3  2  1  3  3  4  1  5  1  6  1  7  3  8  1  9  2  10  1  11  3  12  1  13  1  14  3
  0  3  1  3  2  2  3  2  4  3  5  3  6  3  7  2  8  3  9  3  10  1  11  3  12  2  13  1  14  3
  0  3  1  1  2  2  3  1  4  1  5  2  6  1  7  1  8  1  9  3  10  1  11  3  12  3  13  2  14  3
  0  3  1  3  2  2  3  1  4  2  5  3  6  3  7  2  8  1  9  2  10  1  11  2  12  3  13  3  14  3
  0  2  1  2  2  2  3  1  4  1  5  3  6  3  7  1  8  1  9  1  10  1  11  1  12  2  13  2  14  2
  0  3  1  1  2  3  3  2  4  3  5  3  6  2  7  2  8  3  9  3  10  2  11  2  12  3  13  2  14  2
  0  1  1  2  2  1  3  2  4  1  5  1  6  1  7  1  8  1  9  2  10  3  11  3  12  1  13  3  14  2
  0  1  1  3  2  2  3  3  4  2  5  3  6  1  7  3  8  1  9  3  10  2  11  2  12  1  13  1  14  1
  0  3  1  2  2  3  3  2  4  1  5  3  6  2  7  2  8  2  9  2  10  2  11  2  12  3  13  3  14  1
  0  1  1  1  2  3  3  2  4  2  5  2  6  1  7  3  8  1  9  1  10  1  11  3  12  3  13  3  14  3
  0  3  1  1  2  2  3  2  4  1  5  3  6  2  7  3  8  1  9  1  10  1  11  2  12  1  13  3  14  1
  0  1  1  1  2  2  3  1  4  3  5  2  6  1  7  2  8  3  9  3  10  3  11  2  12  1  13  1  14  3
  0  1  1  3  2  3  3  3  4  3  5  1  6  3  7  1  8  2  9  3  10  2  11  3  12  2  13  1  14  2
  0  1  1  2  2  3  3  1  4  2  5  3  6  3  7  1  8  1  9  1  10  3  11  3  12  1  13  2  14  2
  0  2  1  2  2  3  3  2  4  1  5  3  6  3  7  1  8  2  9  2  10  1  11  2  12  2  13  1  14  2
  0  2  1  1  2  2  3  1  4  1  5  1  6  3  7  2  8  3  9  3  10  3  11  1  12  2  13  1  14  3
  0  1  1  2  2  1  3  1  4  2  5  3  6  1  7  3  8  3  9  1  10  1  11  1  12  3  13  2  14  3
  0  2  1  2  2  1  3  2  4  1  5  1  6  3  7  2  8  3  9  3  10  2  11  3  12  2  13  3  14  3
  0  1  1  1  2  2  3  3  4  3  5  3  6  3  7  1  8  1  9  2  10  3  11  3  12  3  13  2  14  1
  0  3  1  3  2  2  3  1  4  1  5  1  6  2  7  2  8  2  9  2  10  3  11  1  12  1  13  2  14  3
  0  1  1  2  2  2  3  1  4  2  5  3  6  2  7  1  8  2  9  2  10  3  11  3  12  2  13  1  14  3
  0  1  1  1  2  3  3  3  4  2  5  3  6  2  7  2  8  3  9  2  10  3  11  1  12  2  13  1  14  3
  0  1  1  2  2  1  3  1  4  3  5  3  6  1  7  3  8  3  9  2  10  1  11  1  12  3  13  1  14  1
  0  2  1  2  2  3  3  1  4  1  5  2  6  3  7  1  8  2  9  3  10  1  11  1  12  1  13  1  14  3
  0  2  1  3  2  3  3  2  4  1  5  3  6  1  7  2  8  3  9  3  10  3  11  2  12  1  13  3  14  3
  0  1  1  3  2  3  3  1  4  2  5  1  6  1  7  1  8  3  9  1  10  1  11  3  12  1  13  3  14  2
  0  1  1  1  2  3  3  3  4  1  5  1  6  2  7  1  8  2  9  2  10  2  11  1  12  1  13  3  14  1
  0  1  1  1  2  3  3  2  4  3  5  3  6  2  7  1  8  2  9  3  10  3  11  1  12  3  13  3  14  2
  0  3  1  1  2  3  3  2  4  2  5  2  6  1  7  1  8  3  9  1  10  2  11  2  12  2  13  2  14  1
  0  2  1  1  2  3  3  3  4  3  5  2  6  1  7  3  8  1  9  1  10  3  11  2  12  1  13  1  14  2
  0  3  1  2  2  3  3  1  4  2  5  2  6  1  7  3  8  2  9  1  10  1  11  1  12  2  13  1  14  3
  0  3  1  3  2  1  3  3  4  3  5  3  6  1  7  2  8  2  9  1  10  1  11  1  12  3  13  2  14  1
  0  2  1  3  2  3  3  2  4  2  5  1  6  1  7  2  8  3  9  3  10  1  11  1  12  1  13  1  14  3
  0  3  1  1  2  3  3  2  4  1  5  1  6  1  7  1  8  2  9  2  10  3  11  3  12  2  13  1  14  1
  0  2  1  3  2  3  3  3  4  1  5  2  6  3  7  1  8  2  9  2  10  2  11  2  12  3  13  2  14  2
  0  3  1  1  2  2  3  3  4  3  5  1  6  2  7  1  8  3  9  3  10  2  11  3  12  1  13  2  14  2
  0  2  1  3  2  2  3  3  4  1  5  1  6  1  7  3  8  2  9  2  10  1  11  1  12  3  13  2  14  2
  0  3  1  2  2  2  3  3  4  1  5  1  6  3  7  3  8  2  9  2  10  1  11  3  12  1  13  3  14  3
  0  1  1  2  2  2  3  2  4  3  5  3  6  3  7  2  8  1  9  2  10  3  11  2  12  3  13  2  14  2
  0  2  1  3  2  2  3  2  4  2  5  3  6  3  7  1  8  3  9  1  10  1  11  3  12  2  13  3  14  1
  0  2  1  2  2  2  3  2  4  1  5  1  6  1  7  3  8  1  9  1  10  3  11  2  12  2  13  2  14  1
  0  1  1  2  2  2  3  3  4  2  5  1  6  2  7  1  8  2  9  2  10  3  11  2  12  2  13  2  14  2
  0  1  1  1  2  1  3  1  4  2  5  2  6  1  7  3  8  1  9  2  10  3  11  3  12  2  13  3  14  2
  0  3  1  1  2  2  3  3  4  3  5  2  6  2  7  2  8  2  9  1  10  2  11  3  12  1  13  1  14  2
  0  3  1  2  2  3  3  1  4  2  5  1  6  2  7  3  8  3  9  2  10  2  11  2  12  3  13  1  14  3
  0  1  1  3  2  1  3  3  4  1  5  2  6  3  7  1  8  1  9  3  10  2  11  3  12  3  13  1  14  1
  0  3  1  2  2  2  3  2  4  1  5  2  6  1  7  3  8  3  9  3  10  2  11  2  12  1  13  3  14  3
  0  3  1  3  2  1  3  3  4  3  5  1  6  1  7  2  8  3  9  1  10  1  11  1  12  3  13  2  14  2
  0  3  1  3  2  3  3  3  4  1  5  3  6  1  7  1  8  3  9  1  10  1  11  1  12  1  13  3  14  3
  0  3  1  3  2  1  3  1  4  3  5  1  6  3  7  1  8  3  9  2  10  1  11  3  12  1  13  3  14  2
  0  3  1  3  2  2  3  1  4  1  5  1  6  3  7  2  8  3  9  1  10  2  11  1  12  2  13  2  14  3
  0  2  1  3  2  1  3  2  4  1  5  1  6  1  7  2  8  3  9  1  10  2  11  1  12  1  13  3  14  1
  0  2  1  3  2  1  3  2  4  3  5  2  6  3  7  1  8  3  9  3  10  1  11  2  12  1  13  3  14  3
  0  1  1  1  2  3  3  1  4  2  5  2  6  3  7  1  8  2  9  1  10  3  11  2  12  1  13  2  14  3
  0  2  1  2  2  1  3  1  4  3  5  3  6  1  7  1  8  1  9  3  10  3  11  3  12  2  13  1  14  2
  0  2  1  1  2  1  3  3  4  2  5  2  6  2  7  3  8  3  9  1  10  2  11  3  12  3  13  3  14  1
  0  3  1  2  2  3  3  3  4  2  5  1  6  1  7  1  8  3  9  1  10  2  11  2  12  2  13  3  14  1
  0  1  1  2  2  1  3  3  4  1  5  1  6  3  7  3  8  3  9  2  10  2  11  2  12  2  13  3  14  3
  0  3  1  3  2  2  3  2  4  1  5  2  6  1  7  3  8  1  9  1  10  2  11  3  12  1  13  1  14  1
  0  3  1  3  2  1  3  1  4  2  5  2  6  1  7  3  8  1  9  2  10  2  11  1  12  2  13  1  14  1
Rmax:
3
Precedencias:
193:31 
135:149 
15:34 
69:162 
196:9 
199:22 
174:96 
